2|2/19/2013 11:08:15 PM|3082218.0|3208.0|-368.0|-16512|-89.0|-87.0|111.0|-13825.0|9984.0|1535.0
2|2/19/2013 11:08:15 PM|3082247.0|3132.0|-496.0|-16652|-97.0|-69.0|126.0|-11265.0|9984.0|1535.0
2|2/19/2013 11:08:15 PM|3082275.0|3160.0|-512.0|-16600|-80.0|-97.0|105.0|-11521.0|10752.0|1791.0
2|2/19/2013 11:08:15 PM|3082305.0|3240.0|-388.0|-16516|-78.0|-108.0|138.0|-13057.0|9728.0|1279.0
2|2/19/2013 11:08:15 PM|3082334.0|3160.0|-544.0|-16612|-80.0|-75.0|116.0|-12033.0|10240.0|1279.0
2|2/19/2013 11:08:15 PM|3082362.0|2948.0|-552.0|-16520|-99.0|-76.0|129.0|-12033.0|11264.0|767.0
2|2/19/2013 11:08:15 PM|3082392.0|3396.0|-416.0|-17176|224.0|-258.0|191.0|-12033.0|10240.0|767.0
2|2/19/2013 11:08:16 PM|3082421.0|3144.0|-396.0|-15796|-27.0|-335.0|118.0|-12801.0|8960.0|2047.0
2|2/19/2013 11:08:16 PM|3082449.0|3292.0|-732.0|-17376|-92.0|-133.0|118.0|-12801.0|9984.0|1023.0
2|2/19/2013 11:08:16 PM|3082479.0|3100.0|-456.0|-16672|7.0|-147.0|130.0|-12033.0|10240.0|1791.0
2|2/19/2013 11:08:16 PM|3082508.0|3128.0|-500.0|-16184|-94.0|-102.0|121.0|-11009.0|9728.0|767.0
2|2/19/2013 11:08:16 PM|3082536.0|3116.0|-464.0|-17112|-83.0|-88.0|133.0|-10753.0|11008.0|511.0
2|2/19/2013 11:08:16 PM|3082566.0|3324.0|-560.0|-17068|162.0|-239.0|184.0|-11777.0|10496.0|2047.0
2|2/19/2013 11:08:16 PM|3082595.0|3032.0|-516.0|-16104|-36.0|-318.0|140.0|-13569.0|9728.0|2815.0
2|2/19/2013 11:08:16 PM|3082625.0|3244.0|-556.0|-17000|-88.0|-77.0|120.0|-12289.0|10496.0|1023.0
2|2/19/2013 11:08:16 PM|3082653.0|3264.0|-452.0|-16604|-45.0|-143.0|157.0|-12289.0|9984.0|2047.0
2|2/19/2013 11:08:16 PM|3082682.0|3024.0|-492.0|-16576|-100.0|-81.0|86.0|-12033.0|9728.0|767.0
2|2/19/2013 11:08:16 PM|3082712.0|3188.0|-464.0|-16812|-94.0|-83.0|140.0|-11265.0|11520.0|511.0
2|2/19/2013 11:08:16 PM|3082740.0|3172.0|-440.0|-16504|-67.0|-156.0|129.0|-12289.0|9984.0|2559.0
2|2/19/2013 11:08:16 PM|3082769.0|3052.0|-468.0|-16524|-83.0|-68.0|151.0|-11521.0|10240.0|255.0
2|2/19/2013 11:08:16 PM|3082799.0|3144.0|-476.0|-16544|-66.0|-86.0|124.0|-11265.0|8448.0|2047.0
2|2/19/2013 11:08:16 PM|3082827.0|3112.0|-504.0|-16496|-63.0|-82.0|111.0|-11777.0|10496.0|511.0
2|2/19/2013 11:08:16 PM|3082856.0|3184.0|-504.0|-16556|-75.0|-61.0|101.0|-11777.0|9984.0|1023.0
2|2/19/2013 11:08:16 PM|3082886.0|3080.0|-484.0|-16672|-90.0|-120.0|116.0|-13057.0|10240.0|255.0
2|2/19/2013 11:08:16 PM|3082914.0|3060.0|-472.0|-16556|-78.0|-82.0|121.0|-11265.0|10496.0|1023.0
2|2/19/2013 11:08:16 PM|3082943.0|3200.0|-344.0|-16704|-93.0|-114.0|125.0|-12545.0|9728.0|767.0
2|2/19/2013 11:08:16 PM|3082973.0|3352.0|-496.0|-16568|-73.0|-70.0|98.0|-12545.0|10240.0|1791.0
2|2/19/2013 11:08:16 PM|3083001.0|3128.0|-536.0|-16568|-70.0|-98.0|133.0|-12289.0|9984.0|2047.0
2|2/19/2013 11:08:16 PM|3083030.0|3192.0|-452.0|-16628|-98.0|-106.0|131.0|-11521.0|9216.0|767.0
2|2/19/2013 11:08:16 PM|3083060.0|3152.0|-432.0|-16648|-74.0|-94.0|106.0|-12033.0|9728.0|1279.0
2|2/19/2013 11:08:16 PM|3083088.0|3164.0|-508.0|-16704|-76.0|-73.0|89.0|-12545.0|10240.0|1279.0
2|2/19/2013 11:08:16 PM|3083117.0|3112.0|-484.0|-16580|-88.0|-114.0|143.0|-12545.0|11264.0|2303.0
2|2/19/2013 11:08:16 PM|3083147.0|3160.0|-464.0|-16604|-80.0|-97.0|111.0|-12289.0|9984.0|2047.0
2|2/19/2013 11:08:16 PM|3083175.0|3164.0|-452.0|-16544|-82.0|-102.0|106.0|-12033.0|9216.0|255.0
2|2/19/2013 11:08:16 PM|3083204.0|3028.0|-488.0|-16496|-76.0|-118.0|119.0|-12289.0|9984.0|1023.0
2|2/19/2013 11:08:16 PM|3083234.0|3144.0|-524.0|-16680|-106.0|-38.0|126.0|-11777.0|9472.0|2047.0
2|2/19/2013 11:08:16 PM|3083262.0|3184.0|-432.0|-16380|-70.0|-104.0|112.0|-13569.0|9728.0|1279.0
2|2/19/2013 11:08:16 PM|3083291.0|3168.0|-460.0|-16548|-77.0|-52.0|135.0|-12289.0|11008.0|1023.0
2|2/19/2013 11:08:16 PM|3083321.0|3004.0|-444.0|-16504|-82.0|-128.0|111.0|-12801.0|9984.0|1535.0
2|2/19/2013 11:08:16 PM|3083350.0|3188.0|-400.0|-16544|-61.0|-69.0|136.0|-12801.0|9984.0|2047.0
2|2/19/2013 11:08:16 PM|3083378.0|3140.0|-548.0|-16516|-76.0|-114.0|109.0|-12033.0|10240.0|767.0
2|2/19/2013 11:08:16 PM|3083408.0|3076.0|-444.0|-16756|-70.0|-85.0|142.0|-12033.0|10240.0|255.0
2|2/19/2013 11:08:16 PM|3083437.0|2944.0|-488.0|-16600|-78.0|-122.0|106.0|-11777.0|9984.0|1535.0
2|2/19/2013 11:08:16 PM|3083465.0|3296.0|-420.0|-16572|-67.0|-93.0|112.0|-12033.0|11264.0|767.0
2|2/19/2013 11:08:16 PM|3083495.0|3252.0|-488.0|-16480|-90.0|-97.0|119.0|-11265.0|11008.0|1023.0
2|2/19/2013 11:08:16 PM|3083524.0|3112.0|-584.0|-16620|-88.0|-82.0|93.0|-12289.0|11008.0|2559.0
2|2/19/2013 11:08:16 PM|3083552.0|3116.0|-532.0|-16584|-73.0|-106.0|108.0|-12289.0|9984.0|1535.0
2|2/19/2013 11:08:16 PM|3083582.0|3184.0|-440.0|-16564|-77.0|-72.0|108.0|-12033.0|9216.0|1791.0
2|2/19/2013 11:08:16 PM|3083611.0|3100.0|-560.0|-16620|-91.0|-101.0|117.0|-11521.0|10240.0|1791.0
2|2/19/2013 11:08:16 PM|3083640.0|3028.0|-472.0|-16636|-97.0|-81.0|118.0|-11521.0|8192.0|1791.0
2|2/19/2013 11:08:16 PM|3083669.0|3248.0|-520.0|-16604|-67.0|-101.0|121.0|-12033.0|10752.0|767.0
2|2/19/2013 11:08:16 PM|3083698.0|3240.0|-380.0|-16516|-77.0|-94.0|145.0|-13313.0|9472.0|1023.0
2|2/19/2013 11:08:16 PM|3083727.0|3068.0|-568.0|-16524|-84.0|-90.0|120.0|-11009.0|10240.0|1791.0
2|2/19/2013 11:08:16 PM|3083756.0|3068.0|-436.0|-16512|-66.0|-90.0|149.0|-12289.0|10496.0|1023.0
2|2/19/2013 11:08:16 PM|3083785.0|3184.0|-480.0|-16616|-79.0|-79.0|146.0|-12033.0|9216.0|767.0
2|2/19/2013 11:08:16 PM|3083814.0|3144.0|-480.0|-16640|-75.0|-68.0|125.0|-12801.0|9984.0|1535.0
2|2/19/2013 11:08:16 PM|3083843.0|3044.0|-432.0|-16632|-80.0|-104.0|143.0|-12801.0|10496.0|1535.0
2|2/19/2013 11:08:16 PM|3083872.0|3168.0|-468.0|-16660|-74.0|-87.0|92.0|-13313.0|10496.0|511.0
2|2/19/2013 11:08:16 PM|3083901.0|3168.0|-532.0|-16620|-87.0|-86.0|135.0|-12545.0|10752.0|1791.0
2|2/19/2013 11:08:16 PM|3083930.0|3164.0|-480.0|-16604|-98.0|-96.0|141.0|-12033.0|11264.0|1279.0
2|2/19/2013 11:08:16 PM|3083959.0|3116.0|-464.0|-16704|-90.0|-99.0|123.0|-12801.0|12032.0|1535.0
2|2/19/2013 11:08:16 PM|3083988.0|3104.0|-448.0|-16668|-81.0|-91.0|136.0|-13057.0|10752.0|1279.0
2|2/19/2013 11:08:16 PM|3084017.0|3184.0|-484.0|-16608|-82.0|-95.0|127.0|-11009.0|10240.0|2303.0
2|2/19/2013 11:08:16 PM|3084046.0|3200.0|-472.0|-16552|-72.0|-76.0|117.0|-13313.0|9984.0|1535.0
2|2/19/2013 11:08:16 PM|3084076.0|3164.0|-436.0|-16492|-68.0|-77.0|94.0|-12289.0|11008.0|1535.0
2|2/19/2013 11:08:16 PM|3084104.0|3236.0|-504.0|-16620|-84.0|-82.0|112.0|-12545.0|9728.0|2303.0
2|2/19/2013 11:08:16 PM|3084133.0|3136.0|-420.0|-16548|-73.0|-74.0|117.0|-11521.0|10240.0|1279.0
2|2/19/2013 11:08:16 PM|3084163.0|3100.0|-552.0|-16696|-72.0|-96.0|137.0|-12033.0|10240.0|767.0
2|2/19/2013 11:08:16 PM|3084191.0|3088.0|-508.0|-16540|-74.0|-82.0|118.0|-13057.0|10752.0|2303.0
2|2/19/2013 11:08:16 PM|3084220.0|3316.0|-456.0|-16724|-91.0|-87.0|117.0|-12545.0|9728.0|1279.0
2|2/19/2013 11:08:16 PM|3084250.0|3228.0|-524.0|-16480|-83.0|-110.0|137.0|-12033.0|10752.0|1279.0
2|2/19/2013 11:08:16 PM|3084278.0|3108.0|-588.0|-16560|-81.0|-94.0|93.0|-12545.0|10240.0|1791.0
2|2/19/2013 11:08:16 PM|3084307.0|3156.0|-448.0|-16648|-78.0|-104.0|132.0|-13569.0|10752.0|2303.0
2|2/19/2013 11:08:16 PM|3084337.0|3152.0|-512.0|-16624|-89.0|-83.0|117.0|-12289.0|9984.0|2047.0
2|2/19/2013 11:08:16 PM|3084365.0|3076.0|-560.0|-16488|-81.0|-103.0|133.0|-12033.0|10752.0|1279.0
2|2/19/2013 11:08:16 PM|3084395.0|3088.0|-492.0|-16504|-101.0|-80.0|129.0|-12289.0|10496.0|2047.0
2|2/19/2013 11:08:16 PM|3084424.0|3264.0|-456.0|-16604|-76.0|-106.0|112.0|-11777.0|9984.0|3071.0
2|2/19/2013 11:08:16 PM|3084452.0|3136.0|-488.0|-16644|-100.0|-95.0|121.0|-13313.0|9472.0|2559.0
2|2/19/2013 11:08:16 PM|3084482.0|3148.0|-560.0|-16644|-82.0|-109.0|124.0|-12545.0|9728.0|1791.0
2|2/19/2013 11:08:16 PM|3084511.0|3260.0|-460.0|-16620|-85.0|-93.0|103.0|-11521.0|10240.0|1279.0
2|2/19/2013 11:08:16 PM|3084540.0|3220.0|-448.0|-16524|-77.0|-84.0|127.0|-12289.0|10496.0|511.0
2|2/19/2013 11:08:16 PM|3084569.0|3120.0|-512.0|-16624|-94.0|-95.0|122.0|-12801.0|11520.0|1535.0
2|2/19/2013 11:08:17 PM|3084598.0|3092.0|-484.0|-16488|-80.0|-106.0|112.0|-12545.0|10240.0|255.0
2|2/19/2013 11:08:17 PM|3084627.0|3232.0|-420.0|-16760|-82.0|-96.0|132.0|-12033.0|9728.0|767.0
2|2/19/2013 11:08:17 PM|3084656.0|3160.0|-368.0|-16576|-82.0|-99.0|123.0|-12545.0|10240.0|2815.0
2|2/19/2013 11:08:17 PM|3084685.0|3104.0|-456.0|-16648|-81.0|-88.0|144.0|-12801.0|10496.0|1023.0
2|2/19/2013 11:08:17 PM|3084715.0|3076.0|-404.0|-16524|-79.0|-111.0|110.0|-11777.0|9472.0|1023.0
2|2/19/2013 11:08:17 PM|3084743.0|3168.0|-484.0|-16640|-82.0|-99.0|143.0|-12801.0|11008.0|1023.0
2|2/19/2013 11:08:17 PM|3084772.0|3132.0|-540.0|-16548|-80.0|-89.0|111.0|-11265.0|10496.0|2047.0
2|2/19/2013 11:08:17 PM|3084802.0|3032.0|-444.0|-16556|-83.0|-91.0|108.0|-12033.0|10752.0|2303.0
2|2/19/2013 11:08:17 PM|3084830.0|3068.0|-388.0|-16580|-95.0|-97.0|111.0|-11777.0|11008.0|1023.0
2|2/19/2013 11:08:17 PM|3084859.0|3244.0|-532.0|-16640|-97.0|-83.0|123.0|-11521.0|10752.0|767.0
2|2/19/2013 11:08:17 PM|3084889.0|3124.0|-476.0|-16528|-71.0|-110.0|112.0|-12545.0|8704.0|1791.0
2|2/19/2013 11:08:17 PM|3084917.0|3060.0|-472.0|-16460|-83.0|-85.0|119.0|-11521.0|10240.0|1279.0
2|2/19/2013 11:08:17 PM|3084946.0|3292.0|-360.0|-16556|-77.0|-112.0|123.0|-11265.0|9984.0|1023.0
2|2/19/2013 11:08:17 PM|3084976.0|3112.0|-552.0|-16580|-80.0|-82.0|152.0|-12033.0|10752.0|767.0
2|2/19/2013 11:08:17 PM|3085004.0|3104.0|-476.0|-16556|-80.0|-86.0|112.0|-12289.0|9472.0|511.0
2|2/19/2013 11:08:17 PM|3085033.0|3068.0|-544.0|-16544|-73.0|-79.0|131.0|-12545.0|9728.0|1791.0
2|2/19/2013 11:08:17 PM|3085063.0|3240.0|-452.0|-16520|-93.0|-89.0|103.0|-12545.0|9728.0|1279.0
2|2/19/2013 11:08:17 PM|3085091.0|3220.0|-404.0|-16656|-88.0|-77.0|137.0|-12801.0|9984.0|1023.0
2|2/19/2013 11:08:17 PM|3085120.0|3132.0|-528.0|-16612|-102.0|-90.0|137.0|-11009.0|9728.0|1279.0
2|2/19/2013 11:08:17 PM|3085150.0|3172.0|-408.0|-16572|-96.0|-87.0|106.0|-11777.0|10496.0|-1538.0
2|2/19/2013 11:08:17 PM|3085178.0|3176.0|-460.0|-16584|-93.0|-90.0|142.0|-11777.0|9472.0|1535.0
2|2/19/2013 11:08:17 PM|3085208.0|3004.0|-564.0|-16492|-88.0|-85.0|127.0|-12033.0|10752.0|1791.0
2|2/19/2013 11:08:17 PM|3085237.0|3068.0|-504.0|-16704|-72.0|-100.0|127.0|-11521.0|10240.0|1791.0
2|2/19/2013 11:08:17 PM|3085265.0|3136.0|-448.0|-16660|-74.0|-81.0|128.0|-13313.0|9984.0|1023.0
2|2/19/2013 11:08:17 PM|3085295.0|3148.0|-452.0|-16660|-70.0|-103.0|123.0|-11777.0|8960.0|511.0
2|2/19/2013 11:08:17 PM|3085324.0|3132.0|-580.0|-16564|-81.0|-94.0|107.0|-11777.0|10496.0|1023.0
2|2/19/2013 11:08:17 PM|3085352.0|3072.0|-492.0|-16616|-93.0|-87.0|102.0|-12545.0|10240.0|767.0
2|2/19/2013 11:08:17 PM|3085382.0|3248.0|-408.0|-16472|-92.0|-82.0|148.0|-12801.0|9984.0|2559.0
2|2/19/2013 11:08:17 PM|3085411.0|3128.0|-420.0|-16468|-62.0|-86.0|127.0|-12289.0|9472.0|-2.0
2|2/19/2013 11:08:17 PM|3085440.0|3116.0|-468.0|-16664|-96.0|-94.0|133.0|-11521.0|9728.0|1279.0
2|2/19/2013 11:08:17 PM|3085469.0|3200.0|-420.0|-16684|-83.0|-80.0|116.0|-11265.0|9984.0|1535.0
2|2/19/2013 11:08:17 PM|3085498.0|3188.0|-416.0|-16724|-92.0|-106.0|144.0|-11777.0|9472.0|1535.0
2|2/19/2013 11:08:17 PM|3085527.0|3140.0|-488.0|-16684|-70.0|-87.0|145.0|-12033.0|9216.0|1279.0
2|2/19/2013 11:08:17 PM|3085556.0|3116.0|-464.0|-16564|-78.0|-88.0|93.0|-12033.0|10752.0|2303.0
2|2/19/2013 11:08:17 PM|3085585.0|3172.0|-412.0|-16640|-51.0|-93.0|130.0|-12545.0|9216.0|1791.0
2|2/19/2013 11:08:17 PM|3085614.0|3192.0|-520.0|-16580|-88.0|-93.0|116.0|-13313.0|10496.0|1023.0
2|2/19/2013 11:08:17 PM|3085643.0|3056.0|-440.0|-16620|-90.0|-81.0|133.0|-11777.0|10496.0|1023.0
2|2/19/2013 11:08:17 PM|3085672.0|3068.0|-468.0|-16544|-80.0|-92.0|115.0|-12033.0|10240.0|255.0
2|2/19/2013 11:08:17 PM|3085701.0|3248.0|-428.0|-16584|-89.0|-66.0|145.0|-13569.0|11264.0|1791.0
2|2/19/2013 11:08:17 PM|3085730.0|3152.0|-384.0|-16684|-87.0|-115.0|124.0|-11777.0|10496.0|1535.0
2|2/19/2013 11:08:17 PM|3085759.0|3120.0|-508.0|-16632|-74.0|-72.0|140.0|-12033.0|9728.0|2303.0
2|2/19/2013 11:08:17 PM|3085788.0|3144.0|-492.0|-16652|-81.0|-99.0|126.0|-11777.0|9984.0|2047.0
2|2/19/2013 11:08:17 PM|3085817.0|3188.0|-336.0|-16544|-93.0|-105.0|94.0|-11265.0|11520.0|1535.0
2|2/19/2013 11:08:17 PM|3085846.0|3032.0|-408.0|-16608|-92.0|-85.0|113.0|-13057.0|11776.0|1279.0
2|2/19/2013 11:08:17 PM|3085875.0|3040.0|-428.0|-16596|-82.0|-102.0|111.0|-12289.0|11008.0|2047.0
2|2/19/2013 11:08:17 PM|3085904.0|3244.0|-488.0|-16740|-82.0|-114.0|143.0|-12289.0|8960.0|2047.0
2|2/19/2013 11:08:17 PM|3085933.0|3136.0|-436.0|-16456|-91.0|-95.0|140.0|-11265.0|9984.0|1023.0
2|2/19/2013 11:08:17 PM|3085963.0|3016.0|-540.0|-16472|-88.0|-84.0|118.0|-11777.0|9984.0|1023.0
2|2/19/2013 11:08:17 PM|3085991.0|3100.0|-524.0|-16668|-68.0|-114.0|115.0|-11777.0|9472.0|-2.0
2|2/19/2013 11:08:17 PM|3086020.0|3224.0|-492.0|-16592|-79.0|-98.0|135.0|-12033.0|9728.0|767.0
2|2/19/2013 11:08:17 PM|3086049.0|3060.0|-424.0|-16724|-81.0|-83.0|115.0|-13569.0|9216.0|1279.0
2|2/19/2013 11:08:17 PM|3086078.0|3092.0|-484.0|-16568|-97.0|-120.0|145.0|-12801.0|10496.0|1023.0
2|2/19/2013 11:08:17 PM|3086107.0|3116.0|-440.0|-16480|-91.0|-91.0|131.0|-12033.0|9728.0|2303.0
2|2/19/2013 11:08:17 PM|3086136.0|3304.0|-436.0|-16508|-84.0|-92.0|154.0|-13569.0|10752.0|1279.0
2|2/19/2013 11:08:17 PM|3086166.0|3076.0|-476.0|-16704|-69.0|-93.0|105.0|-13313.0|10496.0|1535.0
2|2/19/2013 11:08:17 PM|3086194.0|3180.0|-520.0|-16588|-57.0|-98.0|114.0|-12289.0|10496.0|1023.0
2|2/19/2013 11:08:17 PM|3086224.0|3148.0|-472.0|-16696|-72.0|-88.0|110.0|-12033.0|9728.0|767.0
2|2/19/2013 11:08:17 PM|3086253.0|3192.0|-564.0|-16716|-88.0|-97.0|111.0|-12545.0|10752.0|1791.0
2|2/19/2013 11:08:17 PM|3086281.0|3008.0|-536.0|-16672|-66.0|-93.0|134.0|-11009.0|11264.0|2303.0
2|2/19/2013 11:08:17 PM|3086311.0|3212.0|-612.0|-16576|-79.0|-79.0|129.0|-11777.0|9472.0|1023.0
2|2/19/2013 11:08:17 PM|3086340.0|3152.0|-484.0|-16644|-79.0|-90.0|127.0|-11009.0|10240.0|255.0
2|2/19/2013 11:08:17 PM|3086368.0|3132.0|-484.0|-16560|-80.0|-88.0|130.0|-12289.0|9472.0|1023.0
2|2/19/2013 11:08:17 PM|3086397.0|3016.0|-496.0|-16716|-89.0|-87.0|100.0|-11777.0|10496.0|2047.0
2|2/19/2013 11:08:17 PM|3086427.0|3268.0|-424.0|-16592|-81.0|-76.0|117.0|-12033.0|10240.0|1279.0
2|2/19/2013 11:08:17 PM|3086455.0|3184.0|-492.0|-16540|-78.0|-92.0|116.0|-12289.0|9984.0|1535.0
2|2/19/2013 11:08:17 PM|3086485.0|3104.0|-500.0|-16500|-75.0|-87.0|144.0|-12545.0|10240.0|1791.0
2|2/19/2013 11:08:17 PM|3086514.0|3080.0|-512.0|-16528|-79.0|-94.0|116.0|-12545.0|11264.0|767.0
2|2/19/2013 11:08:17 PM|3086542.0|3188.0|-480.0|-16772|-83.0|-83.0|126.0|-11009.0|10752.0|767.0
2|2/19/2013 11:08:17 PM|3086572.0|3096.0|-488.0|-16676|-101.0|-93.0|120.0|-12033.0|9728.0|1791.0
2|2/19/2013 11:08:17 PM|3086601.0|3116.0|-428.0|-16616|-93.0|-92.0|111.0|-12545.0|11264.0|1791.0
2|2/19/2013 11:08:17 PM|3086629.0|3240.0|-472.0|-16664|-89.0|-91.0|146.0|-12801.0|9984.0|2559.0
2|2/19/2013 11:08:17 PM|3086659.0|3156.0|-384.0|-16524|-83.0|-95.0|128.0|-11777.0|10496.0|2047.0
2|2/19/2013 11:08:17 PM|3086688.0|3052.0|-472.0|-16520|-81.0|-81.0|121.0|-12033.0|11264.0|1791.0
2|2/19/2013 11:08:17 PM|3086716.0|3092.0|-468.0|-16596|-64.0|-108.0|128.0|-10241.0|11520.0|1023.0
2|2/19/2013 11:08:17 PM|3086746.0|3176.0|-484.0|-16636|-89.0|-83.0|158.0|-11777.0|11008.0|2559.0
2|2/19/2013 11:08:17 PM|3086775.0|3080.0|-484.0|-16516|-89.0|-97.0|152.0|-11009.0|10752.0|767.0
2|2/19/2013 11:08:18 PM|3086803.0|3116.0|-508.0|-16684|-78.0|-72.0|123.0|-12033.0|10240.0|3327.0
2|2/19/2013 11:08:18 PM|3086833.0|3132.0|-428.0|-16660|-84.0|-102.0|114.0|-11265.0|9984.0|1023.0
2|2/19/2013 11:08:18 PM|3086862.0|3216.0|-416.0|-16644|-80.0|-96.0|105.0|-12033.0|9216.0|1791.0
2|2/19/2013 11:08:18 PM|3086892.0|3176.0|-484.0|-16576|-71.0|-104.0|117.0|-11777.0|11008.0|-2.0
2|2/19/2013 11:08:18 PM|3086920.0|3116.0|-428.0|-16640|-81.0|-73.0|125.0|-11777.0|9984.0|511.0
2|2/19/2013 11:08:18 PM|3086949.0|3148.0|-436.0|-16592|-73.0|-109.0|139.0|-13313.0|9472.0|1535.0
2|2/19/2013 11:08:18 PM|3086979.0|3176.0|-476.0|-16664|-60.0|-81.0|146.0|-12289.0|9984.0|1023.0
2|2/19/2013 11:08:18 PM|3087007.0|3212.0|-504.0|-16528|-73.0|-91.0|126.0|-11777.0|9984.0|2559.0
2|2/19/2013 11:08:18 PM|3087036.0|3068.0|-524.0|-16612|-79.0|-89.0|163.0|-11265.0|10496.0|511.0
2|2/19/2013 11:08:18 PM|3087065.0|3196.0|-444.0|-16708|-80.0|-74.0|138.0|-12801.0|9984.0|1535.0
2|2/19/2013 11:08:18 PM|3087094.0|3240.0|-420.0|-16600|-76.0|-86.0|119.0|-11777.0|10496.0|511.0
2|2/19/2013 11:08:18 PM|3087123.0|3064.0|-472.0|-16640|-88.0|-77.0|113.0|-12545.0|9728.0|2815.0
2|2/19/2013 11:08:18 PM|3087152.0|3048.0|-412.0|-16560|-64.0|-99.0|113.0|-11521.0|11264.0|1791.0
2|2/19/2013 11:08:18 PM|3087181.0|3144.0|-400.0|-16620|-84.0|-85.0|122.0|-12801.0|10496.0|2047.0
2|2/19/2013 11:08:18 PM|3087210.0|3188.0|-500.0|-16736|-78.0|-114.0|113.0|-14337.0|12544.0|2047.0
2|2/19/2013 11:08:18 PM|3087240.0|3044.0|-476.0|-16488|-84.0|-82.0|102.0|-11777.0|9984.0|2047.0
2|2/19/2013 11:08:18 PM|3087268.0|3224.0|-560.0|-16536|-90.0|-85.0|115.0|-12289.0|8960.0|2559.0
2|2/19/2013 11:08:18 PM|3087297.0|3208.0|-436.0|-16540|-81.0|-95.0|138.0|-12289.0|11008.0|2559.0
2|2/19/2013 11:08:18 PM|3087327.0|3228.0|-524.0|-16608|-59.0|-108.0|133.0|-12801.0|9984.0|511.0
2|2/19/2013 11:08:18 PM|3087355.0|2920.0|-560.0|-16596|-80.0|-89.0|112.0|-11777.0|10496.0|1535.0
2|2/19/2013 11:08:18 PM|3087384.0|3112.0|-468.0|-16540|-74.0|-101.0|130.0|-13057.0|9728.0|1791.0
2|2/19/2013 11:08:18 PM|3087414.0|3160.0|-408.0|-16712|-96.0|-75.0|116.0|-10753.0|9984.0|1535.0
2|2/19/2013 11:08:18 PM|3087442.0|3120.0|-532.0|-16556|-83.0|-108.0|150.0|-12545.0|10240.0|1279.0
2|2/19/2013 11:08:18 PM|3087471.0|3128.0|-416.0|-16660|-87.0|-112.0|138.0|-12289.0|11008.0|511.0
2|2/19/2013 11:08:18 PM|3087501.0|3276.0|-480.0|-16604|-73.0|-92.0|127.0|-12801.0|9472.0|3071.0
2|2/19/2013 11:08:18 PM|3087529.0|3284.0|-500.0|-16572|-69.0|-69.0|145.0|-12033.0|10240.0|1791.0
2|2/19/2013 11:08:18 PM|3087558.0|3060.0|-472.0|-16512|-66.0|-68.0|107.0|-12289.0|8960.0|-514.0
2|2/19/2013 11:08:18 PM|3087588.0|3164.0|-532.0|-16616|-75.0|-112.0|133.0|-12289.0|9472.0|511.0
2|2/19/2013 11:08:18 PM|3087617.0|3316.0|-364.0|-16460|-79.0|-84.0|126.0|-12801.0|10496.0|1023.0
2|2/19/2013 11:08:18 PM|3087646.0|3144.0|-560.0|-16484|-91.0|-120.0|104.0|-12801.0|9472.0|1535.0
2|2/19/2013 11:08:18 PM|3087675.0|3060.0|-408.0|-16556|-88.0|-78.0|142.0|-11777.0|9984.0|511.0
2|2/19/2013 11:08:18 PM|3087704.0|3304.0|-488.0|-16588|-55.0|-109.0|110.0|-12033.0|10240.0|767.0
2|2/19/2013 11:08:18 PM|3087733.0|3184.0|-436.0|-16624|-74.0|-73.0|109.0|-11521.0|10240.0|767.0
2|2/19/2013 11:08:18 PM|3087762.0|3092.0|-436.0|-16464|-85.0|-109.0|111.0|-11265.0|9984.0|1535.0
2|2/19/2013 11:08:18 PM|3087791.0|3172.0|-480.0|-16632|-74.0|-72.0|140.0|-12289.0|9472.0|1535.0
2|2/19/2013 11:08:18 PM|3087820.0|3196.0|-460.0|-16508|-72.0|-95.0|109.0|-11777.0|10496.0|-2.0
2|2/19/2013 11:08:18 PM|3087849.0|3180.0|-588.0|-16536|-87.0|-102.0|139.0|-11265.0|8448.0|2047.0
2|2/19/2013 11:08:18 PM|3087878.0|3056.0|-512.0|-16496|-75.0|-68.0|147.0|-11265.0|11008.0|2047.0
2|2/19/2013 11:08:18 PM|3087907.0|3168.0|-416.0|-16532|-84.0|-85.0|129.0|-12033.0|11264.0|1791.0
2|2/19/2013 11:08:18 PM|3087936.0|3248.0|-536.0|-16608|-108.0|-101.0|121.0|-11009.0|9216.0|1791.0
2|2/19/2013 11:08:18 PM|3087965.0|3136.0|-508.0|-16512|-54.0|-82.0|136.0|-11521.0|10752.0|2303.0
2|2/19/2013 11:08:18 PM|3087994.0|3088.0|-456.0|-16660|-82.0|-97.0|123.0|-12289.0|11008.0|511.0
2|2/19/2013 11:08:18 PM|3088023.0|3292.0|-536.0|-16584|-68.0|-86.0|120.0|-12545.0|10240.0|2303.0
2|2/19/2013 11:08:18 PM|3088052.0|3264.0|-524.0|-16592|-66.0|-95.0|97.0|-12545.0|11264.0|1279.0
2|2/19/2013 11:08:18 PM|3088081.0|3084.0|-436.0|-16608|-80.0|-101.0|126.0|-11777.0|10496.0|511.0
2|2/19/2013 11:08:18 PM|3088110.0|3056.0|-548.0|-16704|-95.0|-80.0|96.0|-12289.0|9984.0|511.0
2|2/19/2013 11:08:18 PM|3088139.0|3208.0|-504.0|-16540|-73.0|-93.0|112.0|-11521.0|10240.0|255.0
2|2/19/2013 11:08:18 PM|3088168.0|3188.0|-540.0|-16552|-91.0|-93.0|117.0|-11777.0|9984.0|1535.0
2|2/19/2013 11:08:18 PM|3088197.0|3096.0|-420.0|-16672|-77.0|-119.0|133.0|-12801.0|10496.0|1535.0
2|2/19/2013 11:08:18 PM|3088226.0|3116.0|-400.0|-16644|-78.0|-109.0|141.0|-11521.0|10240.0|1279.0
2|2/19/2013 11:08:18 PM|3088256.0|3236.0|-508.0|-16768|-96.0|-123.0|108.0|-12545.0|10240.0|1279.0
2|2/19/2013 11:08:18 PM|3088284.0|3056.0|-520.0|-16608|-84.0|-69.0|118.0|-13569.0|11776.0|767.0
2|2/19/2013 11:08:18 PM|3088314.0|3168.0|-552.0|-16500|-84.0|-89.0|118.0|-11777.0|11008.0|2047.0
2|2/19/2013 11:08:18 PM|3088343.0|3176.0|-412.0|-16640|-80.0|-109.0|117.0|-11777.0|9472.0|511.0
2|2/19/2013 11:08:18 PM|3088371.0|3172.0|-444.0|-16588|-72.0|-93.0|126.0|-13569.0|9728.0|1279.0
2|2/19/2013 11:08:18 PM|3088401.0|3056.0|-556.0|-16636|-67.0|-82.0|122.0|-11521.0|10240.0|1791.0
2|2/19/2013 11:08:18 PM|3088430.0|3180.0|-456.0|-16568|-64.0|-110.0|128.0|-12033.0|10240.0|1279.0
2|2/19/2013 11:08:18 PM|3088458.0|3704.0|-288.0|-16424|-180.0|644.0|108.0|-12545.0|10240.0|255.0
2|2/19/2013 11:08:18 PM|3088488.0|3108.0|-488.0|-16592|-78.0|309.0|142.0|-11777.0|10496.0|1535.0
2|2/19/2013 11:08:18 PM|3088517.0|3288.0|-564.0|-16392|-89.0|-338.0|118.0|-12545.0|9728.0|767.0
2|2/19/2013 11:08:18 PM|3088545.0|3064.0|-432.0|-16744|-54.0|37.0|101.0|-11521.0|9728.0|255.0
2|2/19/2013 11:08:18 PM|3088575.0|3376.0|-532.0|-16432|-72.0|-248.0|132.0|-12545.0|9216.0|1279.0
2|2/19/2013 11:08:18 PM|3088604.0|3148.0|-452.0|-16708|-24.0|-134.0|133.0|-12033.0|10240.0|1791.0
2|2/19/2013 11:08:18 PM|3088632.0|3188.0|-492.0|-16412|-89.0|-105.0|102.0|-12033.0|9728.0|1279.0
2|2/19/2013 11:08:18 PM|3088662.0|3128.0|-396.0|-16628|-72.0|-83.0|138.0|-13057.0|10752.0|1791.0
2|2/19/2013 11:08:18 PM|3088691.0|3280.0|-388.0|-16476|-54.0|-69.0|123.0|-10753.0|9472.0|2047.0
2|2/19/2013 11:08:18 PM|3088720.0|3052.0|-496.0|-16584|-84.0|-139.0|119.0|-12289.0|9984.0|1023.0
2|2/19/2013 11:08:18 PM|3088749.0|3120.0|-484.0|-16560|-87.0|-66.0|115.0|-11777.0|10496.0|1535.0
2|2/19/2013 11:08:18 PM|3088778.0|3176.0|-440.0|-16544|-65.0|-93.0|107.0|-11265.0|9472.0|2559.0
2|2/19/2013 11:08:18 PM|3088807.0|3132.0|-484.0|-16516|-98.0|-77.0|128.0|-12289.0|9984.0|2047.0
2|2/19/2013 11:08:18 PM|3088836.0|3108.0|-452.0|-16528|-77.0|-118.0|151.0|-11777.0|9472.0|2559.0
2|2/19/2013 11:08:18 PM|3088865.0|3252.0|-500.0|-16668|-91.0|-65.0|150.0|-12289.0|10496.0|1535.0
2|2/19/2013 11:08:18 PM|3088894.0|3168.0|-520.0|-16608|-64.0|-125.0|114.0|-11265.0|10496.0|1023.0
2|2/19/2013 11:08:18 PM|3088923.0|3224.0|-456.0|-16620|-85.0|-72.0|127.0|-12033.0|10752.0|1791.0
2|2/19/2013 11:08:18 PM|3088952.0|3124.0|-412.0|-16508|-66.0|-73.0|141.0|-12033.0|11264.0|767.0
2|2/19/2013 11:08:18 PM|3088982.0|3248.0|-432.0|-16564|-75.0|-80.0|125.0|-12545.0|11264.0|1791.0
2|2/19/2013 11:08:18 PM|3089010.0|3224.0|-516.0|-16628|-114.0|46.0|112.0|-12289.0|10496.0|1535.0
2|2/19/2013 11:08:18 PM|3089039.0|3164.0|-600.0|-16704|-57.0|-103.0|111.0|-12545.0|9216.0|2303.0
2|2/19/2013 11:08:19 PM|3089069.0|3164.0|-392.0|-16556|-83.0|-47.0|144.0|-12545.0|10240.0|1791.0
2|2/19/2013 11:08:19 PM|3089097.0|3236.0|-476.0|-16824|-70.0|-74.0|123.0|-12545.0|9728.0|1791.0
2|2/19/2013 11:08:19 PM|3089127.0|3220.0|-456.0|-16584|-83.0|-63.0|147.0|-11009.0|8704.0|767.0
2|2/19/2013 11:08:19 PM|3089156.0|3212.0|-584.0|-16772|-119.0|-143.0|125.0|-11521.0|11264.0|1791.0
2|2/19/2013 11:08:19 PM|3089184.0|3156.0|-532.0|-16760|-79.0|-2.0|128.0|-13057.0|10240.0|2303.0
2|2/19/2013 11:08:19 PM|3089214.0|2904.0|-476.0|-16744|-102.0|97.0|124.0|-12289.0|12032.0|1535.0
2|2/19/2013 11:08:19 PM|3089243.0|3152.0|-508.0|-16724|-43.0|-16.0|108.0|-11265.0|10496.0|1535.0
2|2/19/2013 11:08:19 PM|3089271.0|3240.0|-508.0|-16788|-71.0|-185.0|157.0|-11265.0|9472.0|1535.0
2|2/19/2013 11:08:19 PM|3089301.0|3088.0|-384.0|-16612|-74.0|-47.0|133.0|-12033.0|9728.0|1279.0
2|2/19/2013 11:08:19 PM|3089330.0|3156.0|-516.0|-16592|-72.0|-170.0|130.0|-11777.0|9472.0|1023.0
2|2/19/2013 11:08:19 PM|3089358.0|3208.0|-492.0|-16632|-103.0|-18.0|135.0|-12033.0|11264.0|1279.0
2|2/19/2013 11:08:19 PM|3089388.0|3288.0|-412.0|-16496|-70.0|-155.0|125.0|-12801.0|9984.0|2559.0
2|2/19/2013 11:08:19 PM|3089417.0|2932.0|-508.0|-16568|-153.0|629.0|140.0|-11521.0|9216.0|1279.0
2|2/19/2013 11:08:19 PM|3089446.0|3028.0|-532.0|-17316|34.0|-150.0|150.0|-12545.0|11264.0|767.0
2|2/19/2013 11:08:19 PM|3089475.0|2984.0|-432.0|-16580|-76.0|38.0|86.0|-13313.0|9472.0|1535.0
2|2/19/2013 11:08:19 PM|3089504.0|3828.0|-420.0|-14460|119.0|-826.0|169.0|-12545.0|10752.0|767.0
2|2/19/2013 11:08:19 PM|3089533.0|968.0|192.0|-14612|-62.0|-1751.0|118.0|-12289.0|11008.0|2559.0
2|2/19/2013 11:08:19 PM|3089562.0|2856.0|-748.0|-17364|-260.0|834.0|96.0|-12289.0|9984.0|3583.0
2|2/19/2013 11:08:19 PM|3089591.0|7336.0|-2008.0|-14744|56.0|-590.0|259.0|-13057.0|9728.0|2815.0
2|2/19/2013 11:08:19 PM|3089620.0|3416.0|-1944.0|-14948|-451.0|-373.0|1363.0|-12033.0|9216.0|1279.0
2|2/19/2013 11:08:19 PM|3089649.0|4460.0|-804.0|-16804|1092.0|108.0|-8278.0|-12033.0|9728.0|255.0
2|2/19/2013 11:08:19 PM|3089679.0|3852.0|1152.0|-13516|2763.0|-1420.0|-5947.0|-10497.0|9216.0|1791.0
2|2/19/2013 11:08:19 PM|3089708.0|2500.0|204.0|-19792|6219.0|-10320.0|-3710.0|-11521.0|12288.0|1791.0
2|2/19/2013 11:08:19 PM|3089737.0|4756.0|-2720.0|-16336|2489.0|-12859.0|-6835.0|-9985.0|12800.0|2815.0
2|2/19/2013 11:08:19 PM|3089766.0|2836.0|-1220.0|-18048|4288.0|-9650.0|-6224.0|-9217.0|13056.0|1535.0
2|2/19/2013 11:08:19 PM|3089796.0|1424.0|-4552.0|-18416|-984.0|-10565.0|-6558.0|-8449.0|14848.0|1791.0
2|2/19/2013 11:08:19 PM|3089854.0|920.0|-1704.0|-18300|-6558.0|-6282.0|-5783.0|-9217.0|16640.0|2047.0
2|2/19/2013 11:08:19 PM|3089972.0|48.0|-620.0|-7072|-17354.0|19020.0|14885.0|-13825.0|16640.0|3583.0
2|2/19/2013 11:08:19 PM|3090000.0|5508.0|3272.0|-3524|-6676.0|14100.0|13383.0|-16129.0|14848.0|1791.0
2|2/19/2013 11:08:19 PM|3090030.0|2756.0|2740.0|-11044|5055.0|18946.0|12058.0|-16897.0|11008.0|1535.0
2|2/19/2013 11:08:19 PM|3090060.0|7460.0|1232.0|-8184|11514.0|16304.0|8016.0|-15361.0|9984.0|-2.0
2|2/19/2013 11:08:19 PM|3090088.0|8428.0|1708.0|-14056|19656.0|9537.0|-1558.0|-12545.0|7680.0|255.0
2|2/19/2013 11:08:19 PM|3090147.0|13696.0|436.0|-13964|13215.0|864.0|-2111.0|-8193.0|4864.0|-514.0
2|2/19/2013 11:08:19 PM|3090177.0|2956.0|-4968.0|-28512|9412.0|-1815.0|-3635.0|-8193.0|5376.0|-514.0
2|2/19/2013 11:08:19 PM|3090205.0|4584.0|-2852.0|-19944|358.0|1777.0|-4370.0|-7681.0|6400.0|-514.0
2|2/19/2013 11:08:19 PM|3090235.0|5028.0|-7644.0|-17948|-6143.0|7778.0|-846.0|-7169.0|3840.0|-514.0
2|2/19/2013 11:08:19 PM|3090264.0|6480.0|-1684.0|-8196|-681.0|13681.0|30.0|-8961.0|2560.0|255.0
2|2/19/2013 11:08:19 PM|3090293.0|8884.0|-2176.0|-10736|3596.0|1437.0|164.0|-8705.0|1792.0|511.0
2|2/19/2013 11:08:19 PM|3090322.0|6104.0|-1964.0|-14596|3799.0|3347.0|905.0|-7937.0|2048.0|1279.0
2|2/19/2013 11:08:19 PM|3090351.0|6344.0|-1824.0|-18020|-1001.0|-2227.0|2666.0|-7425.0|2048.0|-770.0
2|2/19/2013 11:08:19 PM|3090380.0|6876.0|-1912.0|-23984|-6883.0|-3275.0|3357.0|-8193.0|2816.0|-514.0
2|2/19/2013 11:08:19 PM|3090410.0|10056.0|-1196.0|-16552|-11344.0|-6677.0|276.0|-10497.0|3584.0|-770.0
2|2/19/2013 11:08:19 PM|3090439.0|3116.0|-32.0|-11752|-10023.0|-10813.0|-2365.0|-10497.0|5120.0|-1282.0
2|2/19/2013 11:08:20 PM|3090468.0|8084.0|4028.0|-8152|-10548.0|-32768.0|1904.0|-13313.0|7936.0|-2.0
2|2/19/2013 11:08:20 PM|3090497.0|8072.0|-1080.0|-16268|-1279.0|-9075.0|986.0|-13313.0|9984.0|1023.0
2|2/19/2013 11:08:20 PM|3090527.0|4292.0|1488.0|-15640|-1974.0|-4560.0|-878.0|-14081.0|10240.0|255.0
2|2/19/2013 11:08:20 PM|3090556.0|4848.0|-2440.0|-18868|-1765.0|-5773.0|-3306.0|-12801.0|11008.0|-514.0
2|2/19/2013 11:08:20 PM|3090643.0|1524.0|1448.0|-21072|-1626.0|-4266.0|3380.0|-14849.0|14080.0|511.0
2|2/19/2013 11:08:20 PM|3090673.0|796.0|1412.0|-18052|-6834.0|-5478.0|5235.0|-14593.0|14848.0|3327.0
2|2/19/2013 11:08:20 PM|3090703.0|5824.0|-2444.0|-17820|-5431.0|257.0|1193.0|-15361.0|13568.0|-2.0
2|2/19/2013 11:08:20 PM|3090732.0|2760.0|928.0|-13496|-4282.0|2322.0|-2694.0|-17153.0|13824.0|2815.0
2|2/19/2013 11:08:20 PM|3090790.0|796.0|1808.0|-16784|5247.0|-3287.0|-1205.0|-15361.0|14592.0|1535.0
2|2/19/2013 11:08:20 PM|3090820.0|920.0|328.0|-16656|3436.0|792.0|-1164.0|-15617.0|14848.0|1791.0
2|2/19/2013 11:08:20 PM|3090848.0|1396.0|800.0|-19508|2098.0|366.0|-1076.0|-15105.0|12800.0|767.0
2|2/19/2013 11:08:20 PM|3090877.0|1236.0|1260.0|-16852|150.0|1849.0|-608.0|-15617.0|15360.0|1791.0
2|2/19/2013 11:08:20 PM|3090907.0|1996.0|1456.0|-13944|2032.0|745.0|-378.0|-13313.0|14592.0|1535.0
2|2/19/2013 11:08:20 PM|3090935.0|1900.0|768.0|-17624|2749.0|416.0|-462.0|-13825.0|13568.0|1535.0
2|2/19/2013 11:08:20 PM|3090965.0|1788.0|632.0|-18132|1055.0|914.0|-597.0|-13569.0|12800.0|2303.0
2|2/19/2013 11:08:20 PM|3090994.0|1672.0|792.0|-17268|1082.0|636.0|-596.0|-13057.0|13312.0|2815.0
2|2/19/2013 11:08:20 PM|3091023.0|904.0|996.0|-16796|530.0|666.0|-365.0|-13313.0|14080.0|1535.0
2|2/19/2013 11:08:20 PM|3091052.0|1392.0|-44.0|-17956|-256.0|559.0|310.0|-13825.0|12544.0|1023.0
2|2/19/2013 11:08:20 PM|3091081.0|2672.0|4.0|-18212|-1686.0|-328.0|-173.0|-14593.0|14336.0|2303.0
2|2/19/2013 11:08:20 PM|3091110.0|1100.0|904.0|-16600|-1931.0|-977.0|-131.0|-14337.0|14080.0|-2.0
2|2/19/2013 11:08:20 PM|3091169.0|2808.0|-500.0|-18068|-4848.0|-491.0|1905.0|-14849.0|13056.0|1023.0
2|2/19/2013 11:08:20 PM|3091197.0|1848.0|1872.0|-15872|-3447.0|-359.0|452.0|-15361.0|12544.0|1023.0
2|2/19/2013 11:08:20 PM|3091227.0|2360.0|2524.0|-16464|-2588.0|498.0|262.0|-15361.0|14592.0|1535.0
2|2/19/2013 11:08:20 PM|3091256.0|1440.0|2392.0|-16472|-179.0|1457.0|-503.0|-15361.0|13568.0|1023.0
2|2/19/2013 11:08:20 PM|3091286.0|520.0|2120.0|-18952|-725.0|1472.0|222.0|-15873.0|12544.0|1023.0
2|2/19/2013 11:08:20 PM|3091314.0|2020.0|1728.0|-19560|-2362.0|885.0|619.0|-15361.0|12544.0|511.0
2|2/19/2013 11:08:20 PM|3091344.0|3632.0|1684.0|-18688|-3823.0|830.0|-153.0|-16129.0|13312.0|1791.0
2|2/19/2013 11:08:20 PM|3091373.0|2160.0|1924.0|-15968|-3745.0|-605.0|-1514.0|-17153.0|13312.0|2303.0
2|2/19/2013 11:08:20 PM|3091402.0|1936.0|2632.0|-16688|-2956.0|-1584.0|-1412.0|-17921.0|15616.0|3583.0
2|2/19/2013 11:08:20 PM|3091431.0|1124.0|2596.0|-17368|-1568.0|57.0|-1042.0|-15873.0|14592.0|1535.0
2|2/19/2013 11:08:21 PM|3091461.0|1120.0|2752.0|-17708|-1241.0|2054.0|-706.0|-17153.0|13824.0|1279.0
2|2/19/2013 11:08:21 PM|3091489.0|1224.0|2920.0|-17272|-1780.0|1446.0|-270.0|-18177.0|12800.0|2303.0
2|2/19/2013 11:08:21 PM|3091519.0|1720.0|2972.0|-18248|-2189.0|1146.0|-183.0|-16641.0|12800.0|1791.0
2|2/19/2013 11:08:21 PM|3091548.0|2672.0|2960.0|-17260|-2525.0|2314.0|-257.0|-17409.0|13568.0|1023.0
2|2/19/2013 11:08:21 PM|3091577.0|2016.0|2964.0|-17080|-2483.0|1156.0|-113.0|-17153.0|14336.0|767.0
2|2/19/2013 11:08:21 PM|3091607.0|2688.0|3136.0|-17152|-2962.0|921.0|-47.0|-17665.0|13312.0|-258.0
2|2/19/2013 11:08:21 PM|3091636.0|2484.0|3224.0|-15756|-2799.0|1620.0|-331.0|-19969.0|13568.0|1535.0
2|2/19/2013 11:08:21 PM|3091665.0|2736.0|3512.0|-16368|-3008.0|561.0|-704.0|-18945.0|12544.0|511.0
2|2/19/2013 11:08:21 PM|3091694.0|2080.0|3444.0|-14936|-3548.0|692.0|-312.0|-18433.0|12544.0|511.0
2|2/19/2013 11:08:21 PM|3091723.0|1924.0|3952.0|-14232|-3197.0|656.0|-150.0|-18689.0|14336.0|1791.0
2|2/19/2013 11:08:21 PM|3091752.0|2616.0|3848.0|-13348|-2172.0|1016.0|198.0|-19713.0|12288.0|255.0
2|2/19/2013 11:08:21 PM|3091782.0|3060.0|4144.0|-12688|-1535.0|326.0|-136.0|-20225.0|12800.0|1279.0
2|2/19/2013 11:08:21 PM|3091811.0|2648.0|4208.0|-12408|-664.0|292.0|-528.0|-20737.0|13312.0|1279.0
2|2/19/2013 11:08:21 PM|3091841.0|1732.0|4464.0|-12668|177.0|-269.0|-906.0|-19713.0|13312.0|767.0
2|2/19/2013 11:08:21 PM|3091869.0|756.0|4696.0|-14304|617.0|-354.0|-397.0|-19713.0|12800.0|767.0
2|2/19/2013 11:08:21 PM|3091898.0|1316.0|4388.0|-13388|728.0|-378.0|480.0|-18945.0|13056.0|1535.0
2|2/19/2013 11:08:21 PM|3091928.0|1844.0|4100.0|-13920|2160.0|-642.0|521.0|-19201.0|13312.0|1279.0
2|2/19/2013 11:08:21 PM|3091956.0|952.0|4252.0|-15040|2145.0|-74.0|866.0|-19969.0|13568.0|1023.0
2|2/19/2013 11:08:21 PM|3091986.0|2120.0|3668.0|-15028|1950.0|-503.0|1337.0|-19457.0|13056.0|1535.0
2|2/19/2013 11:08:21 PM|3092015.0|2868.0|3476.0|-14892|2314.0|-503.0|1080.0|-18945.0|13056.0|2047.0
2|2/19/2013 11:08:21 PM|3092044.0|2808.0|3308.0|-14920|3008.0|-155.0|743.0|-18945.0|12032.0|1535.0
2|2/19/2013 11:08:21 PM|3092073.0|1644.0|3624.0|-15580|3368.0|-622.0|871.0|-17409.0|12544.0|511.0
2|2/19/2013 11:08:21 PM|3092103.0|2216.0|3448.0|-16192|3257.0|-540.0|913.0|-17153.0|13312.0|767.0
2|2/19/2013 11:08:21 PM|3092131.0|2612.0|3428.0|-16360|3111.0|-1287.0|895.0|-17153.0|12800.0|255.0
2|2/19/2013 11:08:21 PM|3092160.0|2656.0|3064.0|-16784|3047.0|-1424.0|1078.0|-16385.0|12032.0|1535.0
2|2/19/2013 11:08:21 PM|3092190.0|1900.0|2832.0|-16800|2840.0|-1073.0|1369.0|-15873.0|13056.0|1023.0
2|2/19/2013 11:08:21 PM|3092219.0|2648.0|2340.0|-17412|2839.0|-1770.0|1223.0|-17153.0|12288.0|1791.0
2|2/19/2013 11:08:21 PM|3092248.0|2760.0|2040.0|-16880|2353.0|-973.0|1078.0|-17153.0|13824.0|1279.0
2|2/19/2013 11:08:21 PM|3092278.0|2476.0|1960.0|-16924|2643.0|-588.0|742.0|-15617.0|12800.0|255.0
2|2/19/2013 11:08:21 PM|3092306.0|1936.0|1860.0|-17276|3114.0|-826.0|822.0|-17153.0|13312.0|767.0
2|2/19/2013 11:08:21 PM|3092336.0|1616.0|1764.0|-17880|2210.0|-678.0|933.0|-15617.0|14336.0|1279.0
2|2/19/2013 11:08:21 PM|3092365.0|2648.0|1396.0|-16472|2169.0|-1220.0|944.0|-14337.0|13568.0|1535.0
2|2/19/2013 11:08:21 PM|3092395.0|2416.0|1576.0|-18088|1837.0|-1149.0|665.0|-14849.0|13056.0|1023.0
2|2/19/2013 11:08:21 PM|3092423.0|2708.0|1564.0|-17392|1639.0|-915.0|745.0|-14849.0|13056.0|-2.0
2|2/19/2013 11:08:22 PM|3092453.0|2272.0|1384.0|-18996|2061.0|-856.0|315.0|-15105.0|13312.0|767.0
2|2/19/2013 11:08:22 PM|3092482.0|1740.0|1396.0|-19600|538.0|-581.0|344.0|-14849.0|13568.0|1023.0
2|2/19/2013 11:08:22 PM|3092510.0|2448.0|1152.0|-18624|260.0|-438.0|637.0|-14593.0|12800.0|767.0
2|2/19/2013 11:08:22 PM|3092540.0|2652.0|1384.0|-18516|-914.0|101.0|502.0|-14849.0|13056.0|511.0
2|2/19/2013 11:08:22 PM|3092569.0|1936.0|1132.0|-17012|-1018.0|81.0|351.0|-14337.0|14080.0|2047.0
2|2/19/2013 11:08:22 PM|3092598.0|1952.0|1404.0|-16368|-645.0|171.0|492.0|-14081.0|12800.0|1791.0
2|2/19/2013 11:08:22 PM|3092627.0|2700.0|1048.0|-15720|-12.0|186.0|311.0|-14849.0|14592.0|2047.0
2|2/19/2013 11:08:22 PM|3092657.0|2608.0|892.0|-16344|206.0|372.0|190.0|-14849.0|12544.0|2047.0
2|2/19/2013 11:08:22 PM|3092685.0|2348.0|1068.0|-16212|255.0|257.0|296.0|-14849.0|12032.0|511.0
2|2/19/2013 11:08:22 PM|3092714.0|2928.0|948.0|-16312|296.0|330.0|327.0|-14081.0|12288.0|1279.0
2|2/19/2013 11:08:22 PM|3092744.0|3804.0|972.0|-16828|362.0|690.0|80.0|-15361.0|12032.0|1023.0
2|2/19/2013 11:08:22 PM|3092772.0|4052.0|840.0|-16400|276.0|184.0|-758.0|-14849.0|12032.0|1535.0
2|2/19/2013 11:08:22 PM|3092801.0|3552.0|844.0|-17172|215.0|-37.0|-1776.0|-14849.0|13056.0|2559.0
2|2/19/2013 11:08:22 PM|3092831.0|2116.0|792.0|-17072|-360.0|-163.0|-1822.0|-14849.0|12544.0|-2.0
2|2/19/2013 11:08:22 PM|3092859.0|3192.0|980.0|-15988|-114.0|3.0|-1627.0|-14593.0|13312.0|767.0
2|2/19/2013 11:08:22 PM|3092888.0|2752.0|1000.0|-16468|82.0|-442.0|-2088.0|-14593.0|12800.0|767.0
2|2/19/2013 11:08:22 PM|3092918.0|2220.0|936.0|-15940|284.0|-461.0|-2312.0|-14337.0|12544.0|1535.0
2|2/19/2013 11:08:22 PM|3092946.0|2104.0|816.0|-17076|558.0|-577.0|-2194.0|-13313.0|11520.0|1535.0
2|2/19/2013 11:08:22 PM|3092976.0|2188.0|1188.0|-16728|952.0|113.0|-2469.0|-14337.0|13056.0|1535.0
2|2/19/2013 11:08:22 PM|3093005.0|1604.0|1216.0|-17664|670.0|266.0|-2026.0|-14081.0|13312.0|1791.0
2|2/19/2013 11:08:22 PM|3093035.0|2756.0|908.0|-16368|352.0|-178.0|-1784.0|-13313.0|12032.0|2047.0
2|2/19/2013 11:08:22 PM|3093063.0|1636.0|1136.0|-17860|363.0|55.0|-2098.0|-13569.0|13312.0|1279.0
2|2/19/2013 11:08:22 PM|3093092.0|1908.0|856.0|-16392|-106.0|296.0|-1857.0|-12801.0|13568.0|2559.0
2|2/19/2013 11:08:22 PM|3093122.0|2520.0|1028.0|-16304|491.0|18.0|-2381.0|-13057.0|12288.0|2303.0
2|2/19/2013 11:08:22 PM|3093150.0|1288.0|1116.0|-17108|-11.0|-791.0|-2445.0|-13057.0|12800.0|2303.0
2|2/19/2013 11:08:22 PM|3093180.0|872.0|872.0|-17348|-224.0|-225.0|-1818.0|-12545.0|12288.0|2303.0
2|2/19/2013 11:08:22 PM|3093297.0|328.0|1896.0|-16300|-446.0|-429.0|616.0|-12801.0|12032.0|3071.0
2|2/19/2013 11:08:22 PM|3093325.0|608.0|1388.0|-17736|-611.0|-866.0|254.0|-13057.0|13312.0|2303.0
2|2/19/2013 11:08:22 PM|3093354.0|172.0|1676.0|-17804|-820.0|-502.0|164.0|-13313.0|12032.0|2047.0
2|2/19/2013 11:08:22 PM|3093384.0|116.0|1448.0|-17112|-1176.0|-630.0|717.0|-13057.0|12800.0|1279.0
2|2/19/2013 11:08:22 PM|3093412.0|96.0|1568.0|-16316|-735.0|-533.0|1435.0|-12801.0|12544.0|1023.0
2|2/19/2013 11:08:22 PM|3093442.0|1008.0|1580.0|-17428|-839.0|-96.0|1968.0|-13569.0|12288.0|2303.0
2|2/19/2013 11:08:23 PM|3093471.0|1288.0|1488.0|-16488|-769.0|149.0|1958.0|-14849.0|13568.0|2559.0
2|2/19/2013 11:08:23 PM|3093500.0|1280.0|1432.0|-16688|-460.0|423.0|1962.0|-12289.0|13056.0|2559.0
2|2/19/2013 11:08:23 PM|3093529.0|1592.0|1656.0|-16184|-594.0|178.0|2357.0|-13569.0|13824.0|767.0
2|2/19/2013 11:08:23 PM|3093558.0|2192.0|1324.0|-16892|-110.0|-21.0|2496.0|-14337.0|12032.0|1023.0
2|2/19/2013 11:08:23 PM|3093587.0|1840.0|1140.0|-17684|-730.0|411.0|2050.0|-14849.0|11520.0|2559.0
2|2/19/2013 11:08:23 PM|3093616.0|1472.0|1400.0|-16916|-995.0|-237.0|1904.0|-13569.0|13312.0|2815.0
2|2/19/2013 11:08:23 PM|3093646.0|1368.0|1320.0|-16500|-1022.0|-248.0|2064.0|-15873.0|12544.0|2047.0
2|2/19/2013 11:08:23 PM|3093675.0|848.0|1536.0|-16508|-257.0|322.0|2503.0|-14337.0|13568.0|2047.0
2|2/19/2013 11:08:23 PM|3093704.0|624.0|1600.0|-16848|-579.0|202.0|2576.0|-15873.0|14080.0|1535.0
2|2/19/2013 11:08:23 PM|3093733.0|1636.0|1416.0|-16392|-947.0|-387.0|2619.0|-15105.0|12800.0|1279.0
2|2/19/2013 11:08:23 PM|3093763.0|1200.0|1428.0|-16428|-669.0|23.0|2870.0|-15873.0|13568.0|-514.0
2|2/19/2013 11:08:23 PM|3093791.0|2084.0|1376.0|-16260|-234.0|153.0|2985.0|-14337.0|13056.0|511.0
2|2/19/2013 11:08:23 PM|3093821.0|1684.0|1396.0|-16996|-390.0|129.0|2673.0|-15361.0|12544.0|511.0
2|2/19/2013 11:08:23 PM|3093850.0|1324.0|1532.0|-16020|-551.0|-274.0|2845.0|-14849.0|12544.0|511.0
2|2/19/2013 11:08:23 PM|3093879.0|1452.0|1372.0|-17532|-565.0|-81.0|3214.0|-15873.0|12032.0|1023.0
2|2/19/2013 11:08:23 PM|3093908.0|2932.0|1208.0|-16072|-702.0|258.0|3143.0|-15873.0|12032.0|511.0
2|2/19/2013 11:08:23 PM|3093938.0|6280.0|952.0|-16768|-920.0|-955.0|1923.0|-16385.0|13056.0|511.0
2|2/19/2013 11:08:23 PM|3093966.0|5472.0|2308.0|-13136|-941.0|15.0|2916.0|-17153.0|11776.0|1279.0
2|2/19/2013 11:08:23 PM|3093995.0|2104.0|1348.0|-16096|-107.0|796.0|3840.0|-17153.0|11776.0|255.0
2|2/19/2013 11:08:23 PM|3094025.0|3396.0|1420.0|-15036|1371.0|1423.0|4371.0|-15873.0|11008.0|2047.0
2|2/19/2013 11:08:23 PM|3094053.0|4004.0|736.0|-17688|-639.0|745.0|3671.0|-15617.0|11264.0|-258.0
2|2/19/2013 11:08:23 PM|3094083.0|7648.0|-988.0|-18940|-862.0|-3081.0|1694.0|-17153.0|10752.0|767.0
2|2/19/2013 11:08:23 PM|3094112.0|6144.0|-356.0|-16560|-3165.0|-3667.0|-883.0|-17153.0|12288.0|255.0
2|2/19/2013 11:08:23 PM|3094141.0|5828.0|1004.0|-14008|247.0|-916.0|-41.0|-17153.0|13312.0|-258.0
2|2/19/2013 11:08:23 PM|3094170.0|5632.0|1056.0|-17340|-885.0|-651.0|-408.0|-17153.0|11264.0|1279.0
2|2/19/2013 11:08:23 PM|3094200.0|4760.0|1392.0|-14416|499.0|752.0|-542.0|-16897.0|12032.0|1535.0
2|2/19/2013 11:08:23 PM|3094228.0|5324.0|892.0|-16192|267.0|-147.0|-1385.0|-16641.0|11776.0|255.0
2|2/19/2013 11:08:23 PM|3094258.0|4928.0|708.0|-18012|-142.0|-603.0|-1562.0|-16897.0|12032.0|511.0
2|2/19/2013 11:08:23 PM|3094287.0|5252.0|856.0|-16224|-1613.0|-2208.0|-3213.0|-16129.0|12288.0|-258.0
2|2/19/2013 11:08:23 PM|3094317.0|3244.0|1260.0|-16652|-1090.0|-1898.0|-3581.0|-17665.0|12288.0|1791.0
2|2/19/2013 11:08:23 PM|3094345.0|108.0|1716.0|-16060|-566.0|-705.0|-2902.0|-19457.0|12544.0|511.0
2|2/19/2013 11:08:23 PM|3094375.0|232.0|1364.0|-15904|97.0|53.0|-3325.0|-16897.0|14080.0|1023.0
2|2/19/2013 11:08:23 PM|3094404.0|3264.0|1436.0|-15936|690.0|-584.0|-2795.0|-17921.0|12032.0|1535.0
2|2/19/2013 11:08:23 PM|3094433.0|2984.0|1660.0|-16396|221.0|-976.0|-2452.0|-17921.0|14080.0|511.0
2|2/19/2013 11:08:24 PM|3094462.0|2756.0|1872.0|-15660|516.0|-317.0|-2714.0|-16385.0|13056.0|1535.0
2|2/19/2013 11:08:24 PM|3094492.0|472.0|2212.0|-16412|584.0|-261.0|-2358.0|-16641.0|12800.0|1791.0
2|2/19/2013 11:08:24 PM|3094520.0|576.0|2472.0|-15492|1615.0|-564.0|-1746.0|-16129.0|13824.0|1279.0
2|2/19/2013 11:08:24 PM|3094666.0|124.0|1572.0|-17928|-81.0|-741.0|-344.0|-15105.0|12800.0|1279.0
2|2/19/2013 11:08:24 PM|3094695.0|992.0|1640.0|-16368|-583.0|-523.0|303.0|-15105.0|12288.0|255.0
2|2/19/2013 11:08:24 PM|3094724.0|1756.0|1988.0|-16784|-171.0|-923.0|-158.0|-16129.0|14848.0|2303.0
2|2/19/2013 11:08:24 PM|3094754.0|1740.0|2352.0|-16872|-427.0|-261.0|-188.0|-16129.0|13312.0|1279.0
2|2/19/2013 11:08:24 PM|3094782.0|1948.0|2636.0|-16696|-282.0|-931.0|-71.0|-15873.0|14592.0|1535.0
2|2/19/2013 11:08:24 PM|3094812.0|2364.0|3012.0|-16896|87.0|-866.0|86.0|-16129.0|13824.0|767.0
2|2/19/2013 11:08:24 PM|3094841.0|1004.0|3176.0|-17356|-61.0|69.0|403.0|-15105.0|13824.0|1279.0
2|2/19/2013 11:08:24 PM|3094870.0|1212.0|3148.0|-17112|-103.0|149.0|980.0|-14593.0|13312.0|1279.0
2|2/19/2013 11:08:24 PM|3094899.0|2024.0|3408.0|-15940|-96.0|-79.0|997.0|-15105.0|13312.0|1279.0
2|2/19/2013 11:08:24 PM|3094928.0|1508.0|2920.0|-16212|266.0|-220.0|1273.0|-14849.0|14080.0|2559.0
2|2/19/2013 11:08:24 PM|3094958.0|1872.0|2672.0|-16152|760.0|-140.0|1141.0|-15105.0|13824.0|1279.0
2|2/19/2013 11:08:24 PM|3094986.0|2520.0|2344.0|-17232|1543.0|-1281.0|1557.0|-15105.0|14336.0|1791.0
2|2/19/2013 11:08:24 PM|3095016.0|2012.0|1960.0|-19664|732.0|-1019.0|796.0|-14337.0|14080.0|1023.0
2|2/19/2013 11:08:24 PM|3095045.0|1632.0|1584.0|-17896|-972.0|-33.0|563.0|-14849.0|14592.0|1023.0
2|2/19/2013 11:08:24 PM|3095073.0|1796.0|1636.0|-14328|-931.0|-2656.0|94.0|-15105.0|14336.0|2303.0
2|2/19/2013 11:08:24 PM|3095132.0|232.0|1280.0|-18384|1072.0|-1891.0|1526.0|-14849.0|15104.0|2559.0
2|2/19/2013 11:08:24 PM|3095161.0|548.0|544.0|-17320|155.0|773.0|1806.0|-13313.0|15104.0|3071.0
2|2/19/2013 11:08:24 PM|3095190.0|2296.0|520.0|-15452|-60.0|-788.0|1368.0|-14081.0|16384.0|1279.0
2|2/19/2013 11:08:24 PM|3095220.0|1252.0|688.0|-16192|981.0|-1589.0|1017.0|-14337.0|15616.0|3071.0
2|2/19/2013 11:08:24 PM|3095248.0|804.0|-364.0|-17624|1184.0|1134.0|1353.0|-13569.0|14848.0|2303.0
2|2/19/2013 11:08:24 PM|3095278.0|1724.0|-708.0|-16132|848.0|1871.0|1205.0|-13569.0|13824.0|2303.0
2|2/19/2013 11:08:24 PM|3095307.0|1688.0|-1156.0|-16688|604.0|-597.0|374.0|-13313.0|14080.0|1535.0
2|2/19/2013 11:08:24 PM|3095395.0|2556.0|-2188.0|-16156|-473.0|-854.0|-275.0|-12801.0|14592.0|2047.0
2|2/19/2013 11:08:24 PM|3095424.0|840.0|-1240.0|-18292|-758.0|-535.0|-1884.0|-14081.0|15360.0|1279.0
2|2/19/2013 11:08:25 PM|3095453.0|160.0|-144.0|-16260|-2287.0|373.0|-1848.0|-13569.0|14848.0|1279.0
2|2/19/2013 11:08:25 PM|3095482.0|836.0|344.0|-13660|-860.0|-758.0|-1215.0|-14593.0|15360.0|2815.0
2|2/19/2013 11:08:25 PM|3095512.0|360.0|456.0|-16868|353.0|-521.0|-1194.0|-15105.0|16384.0|1791.0
2|2/19/2013 11:08:25 PM|3095540.0|400.0|488.0|-18028|206.0|1317.0|-559.0|-14849.0|15616.0|2047.0
2|2/19/2013 11:08:25 PM|3095569.0|2664.0|748.0|-16352|-635.0|839.0|-962.0|-15617.0|13312.0|767.0
2|2/19/2013 11:08:25 PM|3095599.0|2572.0|764.0|-17196|-248.0|77.0|-2331.0|-15105.0|14848.0|2815.0
2|2/19/2013 11:08:25 PM|3095627.0|32.0|584.0|-18212|-1064.0|844.0|-2072.0|-14849.0|14592.0|1023.0
2|2/19/2013 11:08:25 PM|3095656.0|1076.0|1504.0|-15364|-1236.0|1146.0|-815.0|-14849.0|14592.0|2559.0
2|2/19/2013 11:08:25 PM|3095686.0|1372.0|664.0|-16052|71.0|759.0|-1213.0|-14081.0|14336.0|1791.0
2|2/19/2013 11:08:25 PM|3095714.0|960.0|1372.0|-16232|367.0|1969.0|-1452.0|-13057.0|13824.0|1279.0
2|2/19/2013 11:08:25 PM|3095744.0|344.0|1064.0|-16316|173.0|1996.0|-932.0|-16129.0|13312.0|2815.0
2|2/19/2013 11:08:25 PM|3095773.0|1356.0|1652.0|-15476|282.0|1934.0|-475.0|-13825.0|14592.0|1535.0
2|2/19/2013 11:08:25 PM|3095802.0|1700.0|1516.0|-15644|858.0|1843.0|-704.0|-14081.0|14336.0|1279.0
2|2/19/2013 11:08:25 PM|3095831.0|256.0|2892.0|-17220|908.0|1995.0|-875.0|-14337.0|14080.0|511.0
2|2/19/2013 11:08:25 PM|3095861.0|1068.0|3420.0|-16532|473.0|2116.0|144.0|-14081.0|13312.0|1791.0
2|2/19/2013 11:08:25 PM|3095889.0|3416.0|3644.0|-16880|1058.0|-666.0|-187.0|-15105.0|12288.0|1279.0
2|2/19/2013 11:08:25 PM|3095919.0|1232.0|3768.0|-18904|908.0|-16.0|-204.0|-15105.0|13824.0|1279.0
2|2/19/2013 11:08:25 PM|3095948.0|3072.0|3588.0|-19320|-162.0|42.0|428.0|-13569.0|12288.0|2303.0
2|2/19/2013 11:08:25 PM|3095976.0|896.0|2196.0|-17392|-2111.0|1111.0|18.0|-15361.0|12544.0|1535.0
2|2/19/2013 11:08:25 PM|3096006.0|2720.0|1336.0|-19260|189.0|652.0|710.0|-13569.0|12800.0|1279.0
2|2/19/2013 11:08:25 PM|3096035.0|1916.0|1616.0|-17436|-1593.0|2843.0|441.0|-14593.0|12288.0|2303.0
2|2/19/2013 11:08:25 PM|3096065.0|2992.0|1376.0|-19204|-117.0|8286.0|389.0|-14849.0|9984.0|511.0
2|2/19/2013 11:08:25 PM|3096093.0|4444.0|876.0|-18376|-1264.0|18964.0|-1530.0|-14337.0|9472.0|511.0
2|2/19/2013 11:08:25 PM|3096123.0|2648.0|2068.0|-14776|-194.0|19525.0|-1381.0|-14337.0|5888.0|1023.0
2|2/19/2013 11:08:25 PM|3096152.0|4552.0|1284.0|-15536|427.0|24054.0|-338.0|-14849.0|1792.0|-514.0
2|2/19/2013 11:08:25 PM|3096181.0|7736.0|708.0|-15980|3136.0|32767.0|-439.0|-15617.0|-769.0|-258.0
2|2/19/2013 11:08:25 PM|3096210.0|10056.0|1224.0|-16224|1205.0|30072.0|-888.0|-13825.0|-5633.0|-2.0
2|2/19/2013 11:08:25 PM|3096240.0|9432.0|920.0|-13976|-1253.0|31256.0|-144.0|-14081.0|-9473.0|1791.0
2|2/19/2013 11:08:25 PM|3096268.0|12492.0|1344.0|-9836|1321.0|32767.0|17.0|-13825.0|-14337.0|3071.0
2|2/19/2013 11:08:25 PM|3096298.0|11876.0|1524.0|-11620|911.0|29226.0|-542.0|-13569.0|-16129.0|5375.0
2|2/19/2013 11:08:25 PM|3096327.0|12884.0|1184.0|-8612|423.0|31626.0|122.0|-13569.0|-19713.0|8447.0
2|2/19/2013 11:08:25 PM|3096356.0|28392.0|776.0|19576|2300.0|27957.0|1750.0|-13313.0|-23041.0|11263.0
2|2/19/2013 11:08:25 PM|3096386.0|18516.0|-256.0|-8392|-2003.0|11332.0|-1298.0|-14081.0|-24321.0|11519.0
2|2/19/2013 11:08:25 PM|3096415.0|12796.0|1460.0|-488|-2676.0|16762.0|-637.0|-13057.0|-25345.0|13055.0
2|2/19/2013 11:08:25 PM|3096444.0|15004.0|1328.0|-716|-1408.0|11137.0|89.0|-14081.0|-26881.0|14079.0
2|2/19/2013 11:08:26 PM|3096473.0|15956.0|1488.0|320|-1579.0|9550.0|263.0|-14593.0|-27905.0|14591.0
2|2/19/2013 11:08:26 PM|3096503.0|14940.0|2104.0|880|438.0|5616.0|563.0|-13057.0|-27905.0|16639.0
2|2/19/2013 11:08:26 PM|3096531.0|16532.0|1704.0|-1592|144.0|2847.0|955.0|-13825.0|-27649.0|15359.0
2|2/19/2013 11:08:26 PM|3096561.0|16620.0|1580.0|-1452|472.0|646.0|1243.0|-13057.0|-27905.0|16127.0
2|2/19/2013 11:08:26 PM|3096590.0|17696.0|1376.0|-3888|-446.0|-1832.0|135.0|-13313.0|-28161.0|15359.0
2|2/19/2013 11:08:26 PM|3096620.0|17392.0|1536.0|-2376|-701.0|-2356.0|-660.0|-13313.0|-27649.0|16383.0
2|2/19/2013 11:08:26 PM|3096649.0|16500.0|1484.0|-1244|-1300.0|-5789.0|-461.0|-13057.0|-28417.0|14591.0
2|2/19/2013 11:08:26 PM|3096678.0|15684.0|1604.0|-2560|-1902.0|-12557.0|-211.0|-14849.0|-26113.0|12287.0
2|2/19/2013 11:08:26 PM|3096708.0|15840.0|1816.0|-108|-2894.0|-21864.0|731.0|-14849.0|-24577.0|9727.0
2|2/19/2013 11:08:26 PM|3096736.0|14780.0|1856.0|-2580|-1573.0|-32768.0|1631.0|-13569.0|-20737.0|7423.0
2|2/19/2013 11:08:26 PM|3096766.0|14480.0|800.0|-8984|-1062.0|-25770.0|1189.0|-13057.0|-18177.0|4863.0
2|2/19/2013 11:08:26 PM|3096796.0|16580.0|524.0|-4640|-3426.0|-32768.0|-1284.0|-14849.0|-12801.0|1535.0
2|2/19/2013 11:08:26 PM|3096824.0|3780.0|2944.0|-4912|399.0|-32768.0|-728.0|-14337.0|-4609.0|-514.0
2|2/19/2013 11:08:26 PM|3096884.0|5412.0|-1472.0|-18336|9339.0|-32768.0|3265.0|-13825.0|9472.0|-2.0
2|2/19/2013 11:08:26 PM|3096912.0|468.0|-876.0|-23976|986.0|-32768.0|1447.0|-12033.0|14848.0|767.0
2|2/19/2013 11:08:27 PM|3097998.0|1244.0|1100.0|-15952|-2602.0|24495.0|4594.0|-13569.0|15360.0|255.0
2|2/19/2013 11:08:27 PM|3098028.0|1564.0|2320.0|-13880|-3008.0|14600.0|3107.0|-14849.0|12544.0|-2.0
2|2/19/2013 11:08:27 PM|3098056.0|1508.0|2448.0|-14772|-1942.0|5582.0|4097.0|-14849.0|11520.0|1023.0
2|2/19/2013 11:08:27 PM|3098086.0|3964.0|2168.0|-15708|-712.0|6579.0|3422.0|-14849.0|10496.0|1023.0
2|2/19/2013 11:08:27 PM|3098115.0|5252.0|1920.0|-15748|53.0|5116.0|2142.0|-15361.0|10496.0|-514.0
2|2/19/2013 11:08:27 PM|3098144.0|3048.0|1576.0|-18424|-1436.0|-2966.0|796.0|-14593.0|10240.0|255.0
2|2/19/2013 11:08:27 PM|3098173.0|1980.0|2172.0|-17644|-2319.0|-3627.0|1218.0|-15361.0|11008.0|-514.0
2|2/19/2013 11:08:27 PM|3098203.0|4204.0|2200.0|-15576|-2999.0|-112.0|1389.0|-15617.0|11264.0|767.0
2|2/19/2013 11:08:27 PM|3098231.0|4308.0|2180.0|-13400|-1565.0|-318.0|895.0|-16129.0|10752.0|-770.0
2|2/19/2013 11:08:27 PM|3098261.0|4268.0|2424.0|-11800|-456.0|-993.0|802.0|-15873.0|10496.0|-2.0
2|2/19/2013 11:08:27 PM|3098290.0|5236.0|2696.0|-9696|2325.0|2419.0|1324.0|-16129.0|10752.0|767.0
2|2/19/2013 11:08:27 PM|3098319.0|6328.0|1752.0|-11148|5645.0|2944.0|-16.0|-15873.0|9472.0|-1026.0
2|2/19/2013 11:08:27 PM|3098348.0|5056.0|1828.0|-11932|8073.0|6610.0|-62.0|-13825.0|8960.0|-514.0
2|2/19/2013 11:08:27 PM|3098378.0|2616.0|1580.0|-16208|10525.0|4784.0|329.0|-12289.0|6912.0|-2.0
2|2/19/2013 11:08:27 PM|3098406.0|2364.0|600.0|-19604|8823.0|3299.0|1136.0|-11521.0|8192.0|255.0
2|2/19/2013 11:08:27 PM|3098435.0|1764.0|-20.0|-18736|7162.0|2455.0|1825.0|-11009.0|7168.0|-1794.0
2|2/19/2013 11:08:28 PM|3098465.0|6116.0|-1196.0|-20892|4253.0|-2354.0|305.0|-11009.0|7680.0|255.0
2|2/19/2013 11:08:28 PM|3098493.0|1740.0|-872.0|-17436|1934.0|-2398.0|3421.0|-10753.0|8448.0|-514.0
2|2/19/2013 11:08:28 PM|3098523.0|9656.0|1860.0|-25452|8063.0|-11548.0|3841.0|-9729.0|8960.0|1535.0
2|2/19/2013 11:08:28 PM|3098552.0|704.0|-3056.0|-19424|-2794.0|5425.0|-471.0|-10753.0|8960.0|-2.0
2|2/19/2013 11:08:28 PM|3098582.0|3164.0|160.0|-6168|5230.0|-4237.0|2116.0|-10753.0|10496.0|-514.0
2|2/19/2013 11:08:28 PM|3098610.0|4696.0|-824.0|-12384|12370.0|-13987.0|3343.0|-8705.0|9984.0|511.0
2|2/19/2013 11:08:28 PM|3098640.0|7828.0|9208.0|-22504|9282.0|-5640.0|779.0|-6401.0|11776.0|767.0
2|2/19/2013 11:08:28 PM|3098669.0|1216.0|-8544.0|-18484|3209.0|-5627.0|-10152.0|-6657.0|12544.0|2047.0
2|2/19/2013 11:08:28 PM|3098698.0|1184.0|-2344.0|-16444|-1171.0|-1590.0|-6585.0|-5889.0|11776.0|1279.0
2|2/19/2013 11:08:28 PM|3098727.0|1524.0|-1712.0|-17164|1177.0|-2800.0|-7403.0|-5633.0|12032.0|2047.0
2|2/19/2013 11:08:28 PM|3098757.0|2168.0|-4712.0|-16640|-1270.0|-7959.0|-4524.0|-5889.0|12800.0|1279.0
2|2/19/2013 11:08:28 PM|3098786.0|2156.0|-3744.0|-14060|-1874.0|598.0|-1634.0|-5121.0|13056.0|2047.0
2|2/19/2013 11:08:28 PM|3098815.0|872.0|-7452.0|-18960|409.0|1758.0|1498.0|-5633.0|14080.0|1535.0
2|2/19/2013 11:08:28 PM|3098845.0|2192.0|-3288.0|-16812|2536.0|-1468.0|2184.0|-5121.0|13056.0|1535.0
2|2/19/2013 11:08:28 PM|3098873.0|2520.0|-336.0|-17568|2455.0|-2591.0|176.0|-5121.0|13568.0|1023.0
2|2/19/2013 11:08:28 PM|3098902.0|1112.0|-1424.0|-17024|1570.0|-6290.0|-758.0|-4353.0|14336.0|2303.0
2|2/19/2013 11:08:28 PM|3098932.0|1496.0|-5100.0|-15180|2772.0|162.0|408.0|-4097.0|13568.0|3071.0
2|2/19/2013 11:08:28 PM|3098960.0|1828.0|-2600.0|-16092|2036.0|-851.0|-237.0|-2305.0|15872.0|3327.0
2|2/19/2013 11:08:28 PM|3099019.0|1272.0|-1520.0|-16560|-4662.0|5640.0|-1056.0|-4353.0|12288.0|2815.0
2|2/19/2013 11:08:28 PM|3099077.0|2044.0|-6336.0|-15328|-6176.0|-271.0|-1321.0|-5377.0|12288.0|2303.0
2|2/19/2013 11:08:28 PM|3099107.0|2920.0|-4144.0|-16520|-9154.0|-100.0|-1962.0|-6145.0|13056.0|2047.0
2|2/19/2013 11:08:28 PM|3099195.0|3548.0|3444.0|-2880|3103.0|-1194.0|1983.0|-7681.0|12544.0|2559.0
2|2/19/2013 11:08:28 PM|3099224.0|2348.0|-304.0|-18932|-1053.0|3542.0|-65.0|-8193.0|13056.0|2047.0
2|2/19/2013 11:08:28 PM|3099253.0|1956.0|-520.0|-15476|-122.0|307.0|99.0|-8193.0|11008.0|2559.0
2|2/19/2013 11:08:28 PM|3099282.0|2584.0|-656.0|-17420|-33.0|-321.0|159.0|-7937.0|11776.0|767.0
2|2/19/2013 11:08:28 PM|3099311.0|2412.0|-612.0|-16556|-13.0|-248.0|169.0|-7425.0|12800.0|1791.0
2|2/19/2013 11:08:28 PM|3099340.0|2224.0|-484.0|-16740|-66.0|79.0|114.0|-6657.0|12032.0|511.0
2|2/19/2013 11:08:28 PM|3099369.0|2592.0|-476.0|-16580|-106.0|-51.0|128.0|-7937.0|12800.0|1791.0
2|2/19/2013 11:08:28 PM|3099398.0|2712.0|-452.0|-16932|-54.0|-1.0|133.0|-7681.0|12544.0|3071.0
2|2/19/2013 11:08:28 PM|3099427.0|2288.0|-548.0|-16560|-80.0|-187.0|133.0|-7169.0|12544.0|1535.0
2|2/19/2013 11:08:29 PM|3099456.0|2344.0|-512.0|-16652|-29.0|-127.0|109.0|-7681.0|12032.0|1023.0
2|2/19/2013 11:08:29 PM|3099485.0|2656.0|-572.0|-16692|-74.0|-17.0|135.0|-7937.0|12800.0|1791.0
2|2/19/2013 11:08:29 PM|3099513.0|2664.0|-572.0|-16620|-85.0|-96.0|163.0|-7937.0|12288.0|1791.0
2|2/19/2013 11:08:29 PM|3099543.0|2376.0|-564.0|-16712|-70.0|-125.0|114.0|-7681.0|13056.0|-2.0
2|2/19/2013 11:08:29 PM|3099572.0|2420.0|-456.0|-16740|-83.0|-91.0|146.0|-8705.0|11520.0|2559.0
2|2/19/2013 11:08:29 PM|3099600.0|2536.0|-488.0|-16656|-90.0|-68.0|85.0|-8449.0|11776.0|1791.0
2|2/19/2013 11:08:29 PM|3099629.0|2572.0|-472.0|-16748|-61.0|-82.0|146.0|-8961.0|11776.0|2815.0
2|2/19/2013 11:08:29 PM|3099659.0|2528.0|-608.0|-16760|-51.0|-89.0|151.0|-7681.0|11520.0|2047.0
2|2/19/2013 11:08:29 PM|3099687.0|2380.0|-548.0|-16744|-75.0|-76.0|141.0|-6657.0|12544.0|2047.0
2|2/19/2013 11:08:29 PM|3099716.0|2536.0|-560.0|-16836|-73.0|-70.0|111.0|-8705.0|13568.0|2047.0
2|2/19/2013 11:08:29 PM|3099746.0|2616.0|-552.0|-16564|-79.0|-101.0|115.0|-7681.0|10496.0|1535.0
2|2/19/2013 11:08:29 PM|3099774.0|2440.0|-592.0|-16668|-73.0|-98.0|108.0|-7681.0|11520.0|1535.0
2|2/19/2013 11:08:29 PM|3099803.0|2452.0|-472.0|-16632|-71.0|-104.0|128.0|-7937.0|12800.0|1279.0
2|2/19/2013 11:08:29 PM|3099833.0|2520.0|-516.0|-16732|-70.0|-77.0|106.0|-8193.0|11520.0|1535.0
2|2/19/2013 11:08:29 PM|3099862.0|2508.0|-556.0|-16684|-78.0|-97.0|117.0|-8193.0|12032.0|1535.0
2|2/19/2013 11:08:29 PM|3099890.0|2524.0|-664.0|-16648|-59.0|-101.0|147.0|-8193.0|13056.0|2047.0
2|2/19/2013 11:08:29 PM|3099919.0|2400.0|-544.0|-16780|-63.0|-86.0|107.0|-8961.0|12288.0|1791.0
2|2/19/2013 11:08:29 PM|3099949.0|2512.0|-536.0|-16708|-75.0|-62.0|131.0|-8193.0|12032.0|2559.0
2|2/19/2013 11:08:29 PM|3099977.0|2512.0|-516.0|-16676|-67.0|-64.0|134.0|-6913.0|11776.0|1791.0
2|2/19/2013 11:08:29 PM|3100006.0|2488.0|-484.0|-16800|-82.0|-111.0|152.0|-7681.0|12544.0|511.0
2|2/19/2013 11:08:29 PM|3100036.0|2500.0|-584.0|-16552|-69.0|-88.0|137.0|-8961.0|12288.0|2815.0
2|2/19/2013 11:08:29 PM|3100064.0|2472.0|-512.0|-16696|-64.0|-61.0|128.0|-7681.0|12032.0|1535.0
2|2/19/2013 11:08:29 PM|3100093.0|2484.0|-560.0|-16632|-56.0|-98.0|131.0|-8961.0|12288.0|2815.0
2|2/19/2013 11:08:29 PM|3100122.0|2544.0|-496.0|-16764|-72.0|-103.0|137.0|-8449.0|11264.0|1279.0
2|2/19/2013 11:08:29 PM|3100151.0|2604.0|-584.0|-16624|-82.0|-89.0|127.0|-8193.0|11008.0|1535.0
2|2/19/2013 11:08:29 PM|3100180.0|2388.0|-636.0|-16748|-81.0|-38.0|133.0|-8193.0|12544.0|2047.0
2|2/19/2013 11:08:29 PM|3100209.0|2544.0|-652.0|-16588|-75.0|-93.0|133.0|-7681.0|12032.0|1535.0
2|2/19/2013 11:08:29 PM|3100238.0|2552.0|-468.0|-16648|-78.0|-97.0|99.0|-6145.0|12544.0|2559.0
2|2/19/2013 11:08:29 PM|3100267.0|2520.0|-448.0|-16836|-68.0|-87.0|134.0|-8449.0|12800.0|1279.0
2|2/19/2013 11:08:29 PM|3100296.0|2476.0|-660.0|-16528|-76.0|-92.0|111.0|-8449.0|11776.0|2815.0
2|2/19/2013 11:08:29 PM|3100324.0|2464.0|-548.0|-16804|-86.0|-78.0|122.0|-8961.0|12288.0|2303.0
2|2/19/2013 11:08:29 PM|3100354.0|2596.0|-540.0|-16768|-75.0|-105.0|136.0|-7425.0|11264.0|1791.0
2|2/19/2013 11:08:29 PM|3100383.0|2476.0|-612.0|-16812|-63.0|-99.0|130.0|-8193.0|13056.0|2559.0
2|2/19/2013 11:08:29 PM|3100411.0|2392.0|-516.0|-16748|-81.0|-95.0|106.0|-7937.0|11264.0|2815.0
2|2/19/2013 11:08:29 PM|3100441.0|2444.0|-628.0|-16792|-68.0|-76.0|99.0|-8449.0|12800.0|2303.0
2|2/19/2013 11:08:30 PM|3100470.0|2672.0|-508.0|-16696|-72.0|-107.0|136.0|-8449.0|12288.0|2303.0
2|2/19/2013 11:08:30 PM|3100498.0|2428.0|-524.0|-16752|-78.0|-117.0|143.0|-8449.0|11776.0|3327.0
2|2/19/2013 11:08:30 PM|3100527.0|2432.0|-500.0|-16720|-67.0|-69.0|107.0|-8193.0|12544.0|2047.0
2|2/19/2013 11:08:30 PM|3100557.0|2560.0|-432.0|-16792|-95.0|-106.0|132.0|-7425.0|12288.0|1791.0
2|2/19/2013 11:08:30 PM|3100585.0|2612.0|-484.0|-16840|-82.0|-95.0|131.0|-7169.0|11008.0|2047.0
2|2/19/2013 11:08:30 PM|3100614.0|2400.0|-608.0|-16588|-66.0|-97.0|155.0|-7937.0|12800.0|2815.0
2|2/19/2013 11:08:30 PM|3100644.0|2416.0|-540.0|-16740|-80.0|-87.0|125.0|-8193.0|11520.0|2559.0
2|2/19/2013 11:08:30 PM|3100673.0|2536.0|-492.0|-16756|-109.0|-65.0|126.0|-7169.0|11008.0|1023.0
2|2/19/2013 11:08:30 PM|3100701.0|2476.0|-468.0|-16736|-91.0|-108.0|121.0|-8449.0|12288.0|1791.0
2|2/19/2013 11:08:30 PM|3100730.0|2364.0|-532.0|-16680|-97.0|-117.0|138.0|-8193.0|12032.0|2559.0
2|2/19/2013 11:08:30 PM|3100760.0|2572.0|-628.0|-16904|-44.0|70.0|138.0|-7169.0|12544.0|2559.0
2|2/19/2013 11:08:30 PM|3100788.0|2664.0|-584.0|-16376|-55.0|-150.0|143.0|-8961.0|12800.0|2303.0
2|2/19/2013 11:08:30 PM|3100817.0|2684.0|-556.0|-16572|-113.0|-250.0|110.0|-7681.0|13056.0|1535.0
2|2/19/2013 11:08:30 PM|3100847.0|2436.0|-572.0|-16816|-70.0|-170.0|120.0|-7681.0|12544.0|2559.0
2|2/19/2013 11:08:30 PM|3100875.0|2360.0|-560.0|-16924|-65.0|-74.0|158.0|-8193.0|13056.0|2559.0
2|2/19/2013 11:08:30 PM|3100904.0|2552.0|-628.0|-16752|-69.0|-20.0|106.0|-9473.0|11776.0|1791.0
2|2/19/2013 11:08:30 PM|3100934.0|2528.0|-624.0|-16672|-71.0|-48.0|136.0|-8705.0|12032.0|2047.0
2|2/19/2013 11:08:30 PM|3100962.0|2420.0|-616.0|-16596|-78.0|-133.0|131.0|-6913.0|10752.0|1791.0
2|2/19/2013 11:08:30 PM|3100991.0|2544.0|-568.0|-16616|-73.0|-123.0|131.0|-7425.0|11264.0|1791.0
2|2/19/2013 11:08:30 PM|3101021.0|2548.0|-640.0|-16752|-74.0|-81.0|100.0|-7937.0|12288.0|1791.0
2|2/19/2013 11:08:30 PM|3101049.0|2448.0|-584.0|-16692|-73.0|-94.0|111.0|-7937.0|12288.0|1279.0
2|2/19/2013 11:08:30 PM|3101078.0|2416.0|-572.0|-16628|-70.0|-82.0|138.0|-8193.0|12032.0|1023.0
2|2/19/2013 11:08:30 PM|3101107.0|2552.0|-520.0|-16604|-88.0|-96.0|144.0|-6913.0|12800.0|3327.0
2|2/19/2013 11:08:30 PM|3101136.0|2460.0|-448.0|-16824|-83.0|-115.0|140.0|-7169.0|11008.0|1023.0
2|2/19/2013 11:08:30 PM|3101165.0|2516.0|-480.0|-16808|-79.0|-93.0|126.0|-7937.0|11776.0|2815.0
2|2/19/2013 11:08:30 PM|3101194.0|2408.0|-548.0|-16760|-52.0|-69.0|131.0|-7169.0|12032.0|1535.0
2|2/19/2013 11:08:30 PM|3101223.0|2608.0|-556.0|-16724|-87.0|-91.0|124.0|-8705.0|13056.0|2047.0
2|2/19/2013 11:08:30 PM|3101252.0|2528.0|-516.0|-16596|-77.0|-80.0|106.0|-9217.0|13056.0|3071.0