ID:2Time:171880	a/g/m:404|-468|15540|-154|-53|120|8|66|162|
ID:1Time:171909	a/g/m:2256|-816|15300|168|60|190|9|65|161|
ID:2Time:171937	a/g/m:488|-476|15504|-149|-35|85|5|65|161|
ID:1Time:171966	a/g/m:2400|-748|15368|216|62|177|2|64|160|
ID:2Time:171995	a/g/m:416|-420|15580|-167|-52|66|10|68|160|
ID:1Time:172023	a/g/m:2320|-920|15204|208|56|197|16|68|162|
ID:2Time:172053	a/g/m:428|-536|15520|-168|-76|91|9|79|161|
ID:1Time:172082	a/g/m:2320|-900|15344|204|73|178|13|65|161|
ID:2Time:172110	a/g/m:468|-504|15564|-164|-65|100|5|65|167|
ID:1Time:172139	a/g/m:2400|-892|15320|201|74|194|5|85|163|
ID:2Time:172168	a/g/m:308|-472|15612|-162|-95|83|16|64|160|
ID:1Time:172196	a/g/m:2360|-896|15308|223|46|178|5|65|161|
ID:2Time:172225	a/g/m:484|-488|15620|-159|-58|142|11|65|161|
ID:1Time:172255	a/g/m:2248|-876|15256|245|56|179|16|68|164|
ID:2Time:172283	a/g/m:368|-432|15648|-173|-46|124|16|64|168|
ID:1Time:172312	a/g/m:2276|-860|15284|201|57|175|8|66|162|
ID:2Time:172341	a/g/m:432|-412|15596|-168|-31|109|16|66|168|
ID:1Time:172369	a/g/m:2376|-880|15132|205|93|199|9|67|161|
ID:2Time:172398	a/g/m:544|-512|15804|-164|-44|84|9|69|173|
ID:1Time:172427	a/g/m:2356|-828|15252|191|56|180|16|64|160|
ID:2Time:172456	a/g/m:332|-328|15652|-131|-47|126|6|68|162|
ID:1Time:172485	a/g/m:2236|-840|15312|194|57|185|2|64|160|
ID:2Time:172514	a/g/m:296|-428|15584|-156|-67|101|9|69|161|
ID:1Time:172542	a/g/m:2344|-864|15296|199|63|194|0|64|160|
ID:2Time:172571	a/g/m:244|-488|15696|-163|-68|123|8|66|162|
ID:1Time:172600	a/g/m:2520|-796|15304|213|63|206|10|66|164|
ID:2Time:172628	a/g/m:268|-420|15712|-166|-33|99|16|64|166|
ID:1Time:172658	a/g/m:2352|-848|15320|195|49|192|16|66|166|
ID:2Time:172687	a/g/m:300|-396|15652|-160|-74|105|10|80|160|
ID:1Time:172716	a/g/m:2324|-820|15268|196|65|181|16|80|160|
ID:2Time:172744	a/g/m:288|-504|15592|-176|-48|90|9|65|167|
ID:1Time:172773	a/g/m:2420|-872|15140|218|82|156|8|84|160|
ID:2Time:172802	a/g/m:392|-500|15680|-149|-75|95|16|64|164|
ID:1Time:172830	a/g/m:2288|-952|15296|198|51|167|7|83|165|
ID:2Time:172860	a/g/m:292|-508|15516|-165|-75|104|16|64|160|
ID:1Time:172889	a/g/m:2400|-860|15468|200|82|180|5|65|169|
ID:2Time:172917	a/g/m:308|-536|15612|-158|-76|103|8|64|160|
ID:1Time:172946	a/g/m:2320|-904|15236|204|71|211|8|66|164|
ID:2Time:172975	a/g/m:228|-540|15776|-165|-62|96|8|84|166|
ID:1Time:173003	a/g/m:2404|-960|15440|208|62|180|13|85|161|
ID:2Time:173032	a/g/m:420|-448|15632|-161|-57|94|7|65|161|
ID:1Time:173061	a/g/m:2404|-888|15224|224|56|156|16|64|166|
ID:2Time:173090	a/g/m:344|-420|15684|-150|-26|110|9|87|163|
ID:1Time:173119	a/g/m:2424|-888|15296|194|62|191|5|83|161|
ID:2Time:173148	a/g/m:348|-420|15556|-155|-79|100|17|65|165|
ID:1Time:173176	a/g/m:2220|-988|15088|211|57|197|10|64|164|
ID:2Time:173205	a/g/m:408|-512|15664|-156|-50|137|12|68|162|
ID:1Time:173234	a/g/m:2296|-876|15356|190|36|183|4|64|162|
ID:2Time:173263	a/g/m:288|-492|15576|-161|-69|76|9|65|161|
ID:1Time:173292	a/g/m:2180|-804|15288|191|26|197|17|83|163|
ID:2Time:173321	a/g/m:388|-508|15628|-163|-25|109|17|67|161|
ID:1Time:173349	a/g/m:2372|-844|15388|232|42|185|16|66|166|
ID:2Time:173378	a/g/m:372|-456|15628|-149|-66|89|8|64|160|
ID:1Time:173407	a/g/m:2396|-852|15248|232|80|192|8|64|160|
ID:2Time:173435	a/g/m:320|-488|15672|-163|-47|131|16|68|162|
ID:1Time:173465	a/g/m:2340|-824|15320|230|85|178|9|65|161|
ID:2Time:173494	a/g/m:348|-468|15780|-148|-58|114|16|64|164|
ID:1Time:173522	a/g/m:2364|-852|15284|204|68|168|12|64|162|
ID:2Time:173551	a/g/m:388|-444|15692|-169|-54|132|10|66|166|
ID:1Time:173580	a/g/m:2280|-892|15316|213|78|179|3|79|161|
ID:2Time:173608	a/g/m:328|-472|15668|-157|-52|124|20|68|160|
ID:1Time:173638	a/g/m:2300|-932|15292|201|46|182|18|82|160|
ID:2Time:173667	a/g/m:376|-432|15720|-150|-66|105|7|67|163|
ID:1Time:173696	a/g/m:2420|-864|15328|205|46|187|14|64|160|
ID:2Time:173724	a/g/m:408|-412|15736|-146|-40|113|11|65|161|
ID:1Time:173753	a/g/m:2324|-892|15348|208|37|207|8|68|160|
ID:2Time:173782	a/g/m:492|-392|15664|-157|-35|143|12|64|160|
ID:1Time:173811	a/g/m:2272|-812|15148|219|71|176|6|66|162|
ID:2Time:173840	a/g/m:440|-396|15676|-164|-37|132|8|66|164|
ID:1Time:173869	a/g/m:2296|-876|15296|218|54|203|16|66|160|
ID:2Time:173897	a/g/m:516|-440|15644|-157|-48|94|16|66|170|
ID:1Time:173926	a/g/m:2368|-848|15152|193|78|166|17|69|161|
ID:2Time:173955	a/g/m:480|-580|15668|-167|-42|90|16|66|162|
ID:1Time:173983	a/g/m:2296|-940|15288|184|62|196|16|82|170|
ID:2Time:174013	a/g/m:380|-544|15676|-179|-68|103|6|82|164|
ID:1Time:174042	a/g/m:2336|-908|15240|220|48|191|10|84|176|
ID:2Time:174070	a/g/m:284|-504|15572|-156|-62|132|16|66|164|
ID:1Time:174099	a/g/m:2296|-836|15392|188|82|192|5|65|161|
ID:2Time:174128	a/g/m:372|-456|15580|-150|-56|131|20|80|162|
ID:1Time:174156	a/g/m:2372|-832|15368|219|72|193|8|64|160|
ID:2Time:174185	a/g/m:436|-472|15584|-166|-59|91|17|65|161|
ID:1Time:174215	a/g/m:2372|-872|15240|225|76|196|10|68|160|
ID:2Time:174243	a/g/m:356|-432|15688|-159|-77|88|8|64|160|
ID:1Time:174272	a/g/m:2436|-928|15300|223|69|188|13|69|161|
ID:2Time:174301	a/g/m:276|-504|15724|-174|-61|98|16|64|162|
ID:1Time:174329	a/g/m:2400|-876|15232|189|49|191|6|70|162|
ID:2Time:174358	a/g/m:260|-504|15780|-164|-54|113|16|68|160|
ID:1Time:174388	a/g/m:2428|-812|15348|207|59|201|9|67|165|
ID:2Time:174416	a/g/m:312|-396|15572|-154|-55|122|4|66|160|
ID:1Time:174445	a/g/m:2392|-884|15188|212|73|202|4|84|170|
ID:2Time:174474	a/g/m:244|-456|15624|-153|-19|145|12|82|164|
ID:1Time:174502	a/g/m:2392|-876|15284|191|94|195|8|64|160|
ID:2Time:174531	a/g/m:208|-604|15632|-159|-153|29|13|83|163|
ID:1Time:174560	a/g/m:2304|-880|15116|233|88|165|16|66|160|
ID:2Time:174589	a/g/m:456|-388|15292|-153|28|124|7|65|161|
ID:1Time:174618	a/g/m:2424|-912|15348|190|90|176|18|82|160|
ID:2Time:174647	a/g/m:328|-464|15832|-144|-56|77|16|64|164|
ID:1Time:174675	a/g/m:2352|-860|15388|212|37|170|4|64|160|
ID:2Time:174704	a/g/m:196|-592|15596|-139|-84|56|17|87|161|
ID:1Time:174733	a/g/m:2332|-960|15476|218|59|193|8|66|160|
ID:2Time:174761	a/g/m:252|-532|15624|-160|-118|94|13|65|165|
ID:1Time:174791	a/g/m:2300|-908|15332|190|47|174|16|64|160|
ID:2Time:174820	a/g/m:372|-504|15688|-169|-60|128|16|88|162|
ID:1Time:174849	a/g/m:2344|-908|15192|187|62|197|18|64|164|
ID:2Time:174877	a/g/m:232|-456|15544|-178|-80|83|18|64|160|
ID:1Time:174906	a/g/m:2356|-920|15308|205|79|207|16|64|162|
ID:2Time:174935	a/g/m:344|-448|15672|-150|-57|92|8|68|164|
ID:1Time:174963	a/g/m:2404|-876|15264|194|67|186|16|66|160|
ID:2Time:174993	a/g/m:324|-508|15780|-164|-76|96|9|65|163|
ID:1Time:175022	a/g/m:2328|-844|15248|195|46|187|8|64|160|
ID:2Time:175050	a/g/m:376|-556|15444|-141|-52|120|12|82|168|
ID:1Time:175079	a/g/m:2448|-828|15340|217|47|195|11|67|161|
ID:2Time:175108	a/g/m:320|-448|15752|-150|-39|134|11|65|161|
ID:1Time:175136	a/g/m:2356|-780|15236|210|59|189|12|68|160|
ID:2Time:175166	a/g/m:392|-548|15612|-157|-67|118|16|64|162|
ID:1Time:175195	a/g/m:2308|-916|15312|208|58|162|11|65|161|
ID:2Time:175223	a/g/m:416|-520|15648|-175|-39|106|16|64|164|
ID:1Time:175252	a/g/m:2284|-856|15212|188|56|203|5|65|161|
ID:2Time:175281	a/g/m:320|-516|15660|-165|-65|83|14|66|168|
ID:1Time:175309	a/g/m:2196|-824|15280|208|45|202|16|64|164|
ID:2Time:175339	a/g/m:512|-464|15592|-153|-60|130|12|68|160|
ID:1Time:175368	a/g/m:2384|-880|15400|203|23|213|16|64|164|
ID:2Time:175396	a/g/m:416|-520|15548|-160|-68|103|9|65|161|
ID:1Time:175425	a/g/m:2332|-840|15268|216|63|170|12|64|160|
ID:2Time:175454	a/g/m:356|-536|15636|-168|-51|100|0|68|164|
ID:1Time:175482	a/g/m:2376|-896|15344|206|49|202|10|64|160|
ID:2Time:175511	a/g/m:448|-496|15668|-156|-80|69|12|64|164|
ID:1Time:175541	a/g/m:2228|-904|15328|202|76|197|4|64|162|
ID:2Time:175569	a/g/m:412|-488|15708|-160|-57|113|16|68|162|
ID:1Time:175598	a/g/m:2364|-924|15396|207|69|163|8|86|160|
ID:2Time:175627	a/g/m:336|-488|15868|-159|-92|106|10|84|160|
ID:1Time:175655	a/g/m:2408|-836|15388|207|61|188|12|66|176|
ID:2Time:175684	a/g/m:488|-480|15752|-155|-37|119|1|87|167|
ID:1Time:175714	a/g/m:2432|-820|15300|188|57|212|16|64|162|
ID:2Time:175742	a/g/m:448|-420|15876|-152|-70|134|16|82|162|
ID:1Time:175771	a/g/m:2292|-824|15232|200|65|192|17|83|161|
ID:2Time:175800	a/g/m:440|-380|15804|-156|-63|88|9|75|165|
ID:1Time:175828	a/g/m:2264|-892|15244|200|23|197|16|64|168|
ID:2Time:175857	a/g/m:396|-532|15712|-154|-26|115|16|64|160|
ID:1Time:175887	a/g/m:2296|-800|15344|186|48|163|16|66|160|
ID:2Time:175916	a/g/m:508|-476|15600|-151|-24|145|16|84|162|
ID:1Time:175944	a/g/m:2312|-856|15452|222|66|179|8|66|166|
ID:2Time:175973	a/g/m:428|-604|15664|-140|-19|107|8|64|164|
ID:1Time:176002	a/g/m:2372|-912|15464|227|29|196|16|64|160|
ID:2Time:176030	a/g/m:464|-428|15572|-152|-52|114|4|64|166|
ID:1Time:176059	a/g/m:408|-1228|17624|-193|-232|183|16|66|160|
ID:2Time:176089	a/g/m:116|-424|15884|-465|573|-75|10|64|160|
ID:1Time:176117	a/g/m:24|-936|17744|-1162|2081|-583|17|67|161|
ID:2Time:176146	a/g/m:5628|-972|15772|-1006|2036|-3372|16|68|164|
ID:1Time:176176	a/g/m:76|-3848|15976|-1380|1258|-6246|13|81|169|
ID:2Time:176204	a/g/m:-3828|1672|21508|-528|-3435|-17498|16|66|164|
ID:1Time:176233	a/g/m:2880|-1380|16208|-3366|-1275|-17629|0|64|160|
ID:2Time:176263	a/g/m:2952|256|16528|-3193|-5007|-14766|8|64|164|
ID:1Time:176291	a/g/m:2636|764|16496|-2268|-1081|-12631|3|13|161|
ID:2Time:176321	a/g/m:580|-56|13764|6686|7547|-15926|0|10|162|
ID:1Time:176350	a/g/m:652|-1712|16980|14623|11921|-14999|18|64|166|
ID:2Time:176378	a/g/m:-2756|1608|17528|19135|8890|-11676|0|64|172|
ID:1Time:176408	a/g/m:-640|3240|19296|17280|7661|-11691|2|64|176|
ID:2Time:176437	a/g/m:2796|3012|15852|20505|3421|-3748|-18|68|178|
ID:1Time:176466	a/g/m:-1088|1800|15012|23226|6001|-3698|-32|64|184|
ID:2Time:176495	a/g/m:-2256|7824|18328|17444|1998|1218|-56|64|0|
ID:1Time:176525	a/g/m:1036|4404|13956|15984|3665|-1261|-63|75|181|
ID:2Time:176553	a/g/m:864|7600|12244|18238|2299|6054|-64|80|176|
ID:1Time:176583	a/g/m:-2228|8352|14108|18410|2948|3209|-112|74|182|
ID:2Time:176612	a/g/m:-2544|10024|11628|16809|1670|3023|-127|73|177|
ID:1Time:176642	a/g/m:-1392|8840|12284|16609|4503|1789|-128|84|176|
ID:2Time:176670	a/g/m:672|12984|13004|15533|-1054|7185|-94|64|168|
ID:1Time:176700	a/g/m:-2864|11300|11008|20458|-1078|6915|-128|80|160|
ID:2Time:176729	a/g/m:-3060|14004|9668|20866|-131|6556|-116|80|164|
ID:1Time:176758	a/g/m:-872|13264|9020|20543|695|1110|-128|84|160|
ID:2Time:176787	a/g/m:-408|15228|6896|18656|1173|3546|-252|82|128|
ID:1Time:176816	a/g/m:-2440|14248|5476|19483|5580|706|-250|68|144|
ID:2Time:176845	a/g/m:-144|15480|4156|20288|4694|37|-156|88|130|
ID:1Time:176874	a/g/m:-1572|14940|3912|19322|4479|-3048|-154|88|136|
ID:2Time:176904	a/g/m:-1292|15756|2004|17958|4645|-1267|-173|89|65|
ID:1Time:176932	a/g/m:-1800|15464|1972|15794|6426|-3180|-175|69|49|
ID:2Time:176961	a/g/m:732|14556|-2800|16603|3837|602|-190|96|48|
ID:1Time:176991	a/g/m:-2652|14128|-1600|18537|5350|-440|-184|96|40|
ID:2Time:177019	a/g/m:760|15976|-2368|19632|873|2379|-183|73|31|
ID:1Time:177048	a/g/m:-1352|16552|-4132|20295|4566|1468|-187|97|19|
ID:2Time:177078	a/g/m:-712|14964|-5196|17004|4770|2847|-192|96|0|
ID:1Time:177106	a/g/m:-840|15232|-4528|13118|4268|-1051|-191|97|1|
ID:2Time:177135	a/g/m:-276|15932|-6328|10815|1194|-749|-186|72|0|
ID:1Time:177164	a/g/m:-2096|13800|-7476|10405|3109|-4327|-191|97|57|
ID:2Time:177193	a/g/m:16|15576|-5976|8514|505|-5900|-189|101|49|
ID:1Time:177222	a/g/m:-1480|14348|-8308|8006|636|-5135|-192|100|36|
ID:2Time:177251	a/g/m:240|13548|-11532|12203|1118|-3416|-186|96|32|
ID:1Time:177281	a/g/m:-1960|13176|-10596|16444|4159|-5107|-184|102|32|
ID:2Time:177309	a/g/m:428|11540|-11208|17637|2218|-1239|-192|106|16|
ID:1Time:177339	a/g/m:-1692|10940|-11180|15373|3923|-1164|-191|105|19|
ID:2Time:177368	a/g/m:108|12088|-13356|16205|1435|986|-192|106|8|
ID:1Time:177397	a/g/m:-1208|12260|-11820|16741|3036|-2185|-192|106|0|
ID:2Time:177426	a/g/m:-4060|10140|-10844|9797|-925|-4840|-188|98|-192|
ID:1Time:177456	a/g/m:-1664|12724|-14020|7607|-2056|-6949|-176|0|-192|
ID:2Time:177485	a/g/m:1736|9908|-15092|9152|-2619|-2609|-160|0|-206|
ID:1Time:177514	a/g/m:-3204|7752|-14340|8383|332|-564|-160|0|-208|
ID:2Time:177544	a/g/m:-1060|9616|-13760|5688|-864|1136|-160|0|-208|
ID:1Time:177572	a/g/m:-4040|4204|-17408|9829|-1912|-756|-152|6|-224|
ID:2Time:177602	a/g/m:-6696|5712|-16284|14785|-10327|-1857|-255|5|-213|
ID:1Time:177631	a/g/m:-9204|5972|-11068|17781|-28831|-8648|-256|128|-220|
ID:2Time:177660	a/g/m:-208|4096|-19672|25589|-16363|-1851|-239|137|-221|
ID:1Time:177690	a/g/m:-6468|2160|-19596|32767|2463|-4913|-120|136|-256|
ID:2Time:177719	a/g/m:-4344|2896|-16684|32767|7715|-4304|-112|130|-244|
ID:1Time:177748	a/g/m:-5216|84|-14988|28910|8371|-10220|-82|132|-252|
ID:2Time:177778	a/g/m:-4092|-2912|-14784|19969|-1545|-9130|-119|133|-255|
ID:1Time:177807	a/g/m:-4640|-3656|-17068|14325|3641|-9567|-62|136|-254|
ID:2Time:177837	a/g/m:-3624|-3616|-13776|11044|1905|-5777|-53|133|-255|
ID:1Time:177866	a/g/m:-6040|-6580|-15148|9756|-963|-3495|-63|129|-255|
ID:2Time:177895	a/g/m:-4284|-6012|-16752|12587|-520|-1496|-56|128|-256|
ID:1Time:177925	a/g/m:-4816|-6240|-14264|13986|1263|-3116|-48|136|-318|
ID:2Time:177953	a/g/m:-3960|-7072|-14888|14952|-1624|-2021|-29|137|-255|
ID:1Time:177983	a/g/m:-4680|-7380|-15160|18173|2581|-3368|1|137|-255|
ID:2Time:178013	a/g/m:-3996|-7496|-13880|20020|1466|-1421|0|128|-252|
ID:1Time:178041	a/g/m:-3936|-9204|-12132|20198|1182|-2874|0|128|-248|
ID:2Time:178071	a/g/m:-3956|-11728|-15124|20476|-1592|743|13|135|-239|
ID:1Time:178100	a/g/m:-4328|-11432|-14676|22917|6026|-4996|4|128|-240|
ID:2Time:178129	a/g/m:-3116|-11016|-8660|22051|5375|-1676|32|128|-236|
ID:1Time:178159	a/g/m:-2496|-12604|-8596|19363|4780|-654|44|128|-232|
ID:2Time:178188	a/g/m:-3340|-13760|-8280|17797|4089|3592|1|129|-255|
ID:1Time:178217	a/g/m:-3204|-15084|-7768|16853|6624|3065|2|128|-222|
ID:2Time:178246	a/g/m:-4320|-14336|-5628|15344|5690|3747|12|130|-220|
ID:1Time:178276	a/g/m:-2496|-15040|-4812|13854|4179|1062|16|132|-220|
ID:2Time:178306	a/g/m:1388|-18788|-9828|24721|10590|1878|64|128|-200|
ID:1Time:178334	a/g/m:-2404|-16396|3536|32084|-6480|-7406|64|128|0|
ID:2Time:178364	a/g/m:-836|-12716|3276|26214|-4857|260|64|128|4|
ID:1Time:178393	a/g/m:-1456|-14204|660|21020|-1499|3573|67|129|1|
ID:2Time:178422	a/g/m:-4344|-16244|4012|16657|-2125|5603|67|3|33|
ID:1Time:178451	a/g/m:-1564|-19128|4960|15365|-5338|-1232|65|129|49|
ID:2Time:178481	a/g/m:-6000|-15488|4652|18681|-6693|-4734|70|2|60|
ID:1Time:178509	a/g/m:-1128|-14996|5080|16694|-3431|-5924|64|0|0|
ID:2Time:178539	a/g/m:-2720|-14628|4692|17126|-3999|-3069|72|0|6|
ID:1Time:178568	a/g/m:2388|-12684|5680|23076|-4207|-1543|68|0|16|
ID:2Time:178596	a/g/m:2468|-7136|16420|15647|-5200|6982|64|2|8|
ID:1Time:178626	a/g/m:-1228|-14476|7472|24149|-4911|5029|72|0|34|
ID:2Time:178655	a/g/m:-4212|-11184|7288|29504|-7423|2089|68|118|128|
ID:1Time:178684	a/g/m:-2600|-5500|16140|32350|-6817|-5154|8|118|132|
ID:2Time:178713	a/g/m:1192|-3596|15640|28098|-10404|-709|43|109|145|
ID:1Time:178743	a/g/m:1860|-4140|18300|22063|-5135|-3310|32|100|136|
ID:2Time:178771	a/g/m:-3576|-4756|13472|17809|-9311|-4769|12|98|160|
ID:1Time:178801	a/g/m:592|-5928|12300|21949|-13520|-10950|0|72|166|
ID:2Time:178831	a/g/m:2380|-1260|12472|26308|-17164|-10169|5|77|1|
ID:1Time:178860	a/g/m:5424|468|13808|26504|-8569|-14079|0|66|0|
ID:2Time:178888	a/g/m:4360|3864|17620|22079|-6944|-10522|-20|66|8|
ID:1Time:178918	a/g/m:9272|5464|19324|12324|3934|-6125|-24|66|0|
ID:2Time:178947	a/g/m:2756|7096|16420|4980|11404|4058|-32|66|0|
ID:1Time:178976	a/g/m:728|4332|17944|-2299|7098|8305|-31|81|1|
ID:2Time:179005	a/g/m:-1912|1484|18704|-9995|5290|5518|-16|80|2|
ID:1Time:179034	a/g/m:4284|736|16648|-13617|5179|5267|0|66|0|
ID:2Time:179063	a/g/m:1652|1692|22368|-21801|7185|4961|0|96|176|
ID:1Time:179092	a/g/m:3288|-2028|18732|-29795|2702|7671|16|96|172|
ID:2Time:179121	a/g/m:1884|-452|17620|-32768|6187|4977|36|96|160|
ID:1Time:179150	a/g/m:1432|-5208|14132|-30952|2936|9058|32|96|128|
ID:2Time:179179	a/g/m:2064|-6164|10288|-25716|3882|7830|4|104|130|
ID:1Time:179209	a/g/m:2760|-8008|9140|-17550|6315|11554|2|0|128|
ID:2Time:179237	a/g/m:-3996|-8476|13428|-15874|5662|6822|0|0|128|
ID:1Time:179267	a/g/m:1348|-8176|9392|-13003|4174|7799|12|4|64|
ID:2Time:179296	a/g/m:-3904|-8420|9552|-10668|8904|4638|68|132|56|
ID:1Time:179325	a/g/m:-4028|-13052|12000|-10497|7800|3436|66|132|48|
ID:2Time:179354	a/g/m:-5544|-12180|11644|-12253|4289|-3903|64|128|34|
ID:1Time:179384	a/g/m:60|-10108|9320|-12719|6464|-2405|80|134|10|
ID:2Time:179412	a/g/m:-2396|-9960|11844|-15981|7427|-3641|64|130|0|
ID:1Time:179442	a/g/m:-1604|-12476|8804|-23140|5592|1696|76|130|0|
ID:2Time:179471	a/g/m:-1056|-11116|4188|-21449|7454|355|65|139|3|
ID:1Time:179501	a/g/m:-3120|-13068|5012|-21821|6967|4739|66|142|48|
ID:2Time:179529	a/g/m:-6256|-12428|5572|-23669|9346|-946|80|128|38|
ID:1Time:179559	a/g/m:-3776|-15576|2804|-23155|67|-2556|66|128|2|
ID:2Time:179588	a/g/m:-1504|-11916|-1056|-21582|4451|-4217|72|140|2|
ID:1Time:179617	a/g/m:-4260|-14928|-312|-20742|6833|-3465|76|136|0|
ID:2Time:179646	a/g/m:-7524|-17472|-1028|-19570|8902|-7810|66|2|-200|
ID:1Time:179676	a/g/m:-544|-16624|-4224|-17896|5903|-9158|69|1|-215|
ID:2Time:179704	a/g/m:-1364|-12676|-1892|-17016|5941|-8113|64|114|-216|
ID:1Time:179734	a/g/m:-2608|-13512|-3152|-21872|4670|-2974|16|116|-256|
ID:2Time:179764	a/g/m:-3344|-11520|-2836|-26798|2101|-4988|5|105|-235|
ID:1Time:179792	a/g/m:220|-14836|-11928|-29101|-2082|1019|33|101|-255|
ID:2Time:179822	a/g/m:76|-15204|-13284|-22748|287|-2783|18|96|-256|
ID:1Time:179851	a/g/m:-2496|-12052|-13188|-19401|3207|-3950|0|96|-254|
ID:2Time:179880	a/g/m:1864|-11244|-11048|-21020|7508|-8246|9|85|-327|
ID:1Time:179910	a/g/m:1580|-15164|-14368|-23371|18|-6026|19|77|-335|
ID:2Time:179939	a/g/m:-632|-9520|-18068|-19999|-1647|-11314|2|74|-336|
ID:1Time:179969	a/g/m:2712|-5592|-16180|-15063|1523|-5338|1|73|-331|
ID:2Time:179997	a/g/m:-1504|-5568|-9356|-23729|-19|-4776|-30|76|-352|
ID:1Time:180027	a/g/m:2516|-4844|-17036|-21449|-1604|-4676|-64|74|-336|
ID:2Time:180056	a/g/m:640|-9868|-23944|-14751|-869|-2192|-61|73|-333|
ID:1Time:180085	a/g/m:-2020|-3124|-10992|-14589|-5166|-2232|-60|96|-336|
ID:2Time:180115	a/g/m:-1676|-1832|-13472|-25694|-864|-7545|-116|80|-336|
ID:1Time:180144	a/g/m:-424|-1152|-16488|-31642|-3588|-2605|-96|98|-326|
ID:2Time:180173	a/g/m:1392|444|-18512|-31434|-5740|-5187|-112|104|-256|
ID:1Time:180203	a/g/m:-1056|1784|-21224|-22377|-5564|-3215|-127|105|-255|
ID:2Time:180232	a/g/m:2964|2864|-20016|-13539|-409|-5888|-128|0|-248|
ID:1Time:180261	a/g/m:-712|1848|-16864|-19721|-10040|-1737|-128|2|-252|
ID:2Time:180290	a/g/m:-4720|6412|-16768|-28384|-12269|-4868|-244|4|-228|
ID:1Time:180320	a/g/m:-3168|7504|-17400|-23365|-13056|-3606|-254|12|-224|
ID:2Time:180349	a/g/m:-1664|9216|-16504|-21634|-8069|-4418|-254|128|-208|
ID:1Time:180379	a/g/m:-5332|10656|-13632|-28655|-7078|-4226|-256|128|-192|
ID:2Time:180408	a/g/m:-3000|13472|-11852|-32768|-1947|-10106|-159|129|15|
ID:1Time:180438	a/g/m:-5108|13588|-7688|-31690|-9139|-7486|-169|139|25|
ID:2Time:180467	a/g/m:-1628|16460|-9856|-27590|-8823|-11540|-156|132|38|
ID:1Time:180496	a/g/m:-7276|16940|-7156|-29588|-10353|-3786|-166|128|48|
ID:2Time:180526	a/g/m:-3952|17132|-6844|-27083|-7807|3878|-160|128|0|
ID:1Time:180555	a/g/m:-7252|16452|-4016|-28302|-8544|7560|-160|128|16|
ID:2Time:180584	a/g/m:-9196|17496|-256|-30079|-6814|-5480|-159|145|25|
ID:1Time:180614	a/g/m:-6852|16356|1148|-32768|-16068|-8298|-252|148|44|
ID:2Time:180643	a/g/m:-3580|17456|1704|-32768|-17896|-6786|-243|145|133|
ID:1Time:180672	a/g/m:-7988|14760|4624|-32768|-21474|-331|-112|144|144|
ID:2Time:180702	a/g/m:-11264|14284|4592|-32768|-9452|-10685|-119|129|129|
ID:1Time:180731	a/g/m:-4892|9000|7316|-30662|-10938|-12038|-80|140|168|
ID:2Time:180760	a/g/m:-4160|14060|11208|-23820|-9816|-13892|-63|137|169|
ID:1Time:180790	a/g/m:-4608|9220|10324|-27957|-13003|-2717|-50|8|178|
ID:2Time:180819	a/g/m:-5920|8156|11944|-32768|-94|491|-27|5|179|
ID:1Time:180848	a/g/m:-5200|5420|14036|-31477|59|-1273|-16|12|162|
ID:2Time:180878	a/g/m:-4208|2096|8880|-23914|7802|-9983|6|132|164|
ID:1Time:180907	a/g/m:-3412|1660|13788|-16626|6787|-4020|18|128|160|
ID:2Time:180936	a/g/m:-4992|3580|13136|-11448|14567|-567|5|129|159|
ID:1Time:180965	a/g/m:-6308|1508|10212|-17302|28551|-528|1|153|129|
ID:2Time:180995	a/g/m:-10264|-8|10236|-17567|32767|-9440|4|160|70|
ID:1Time:181023	a/g/m:-12024|-3788|12484|-16786|9678|-3254|36|162|52|
ID:2Time:181053	a/g/m:-8260|-3256|5556|-2474|12847|7694|8|176|34|
ID:1Time:181082	a/g/m:-14036|-2316|9300|-466|30615|16271|0|178|32|
ID:2Time:181111	a/g/m:-15108|-300|4952|17|29662|13007|24|136|24|
ID:1Time:181140	a/g/m:-13432|-5208|5732|6065|19257|11371|4|196|16|
ID:2Time:181169	a/g/m:-18932|-164|4272|7474|13011|8710|1|193|13|
ID:1Time:181198	a/g/m:-11616|832|2908|3137|13610|5474|1|197|1|
ID:2Time:181227	a/g/m:-18384|1316|4516|-1757|11875|-3736|1|193|1|
ID:1Time:181257	a/g/m:-17720|1812|4832|-2843|6585|3689|4|204|64|
ID:2Time:181285	a/g/m:-18240|-2104|-1744|4970|13231|5189|0|202|48|
ID:1Time:181315	a/g/m:-15660|504|3900|5206|28917|8140|2|194|34|
ID:2Time:181344	a/g/m:-16788|388|-1900|8626|32767|5186|0|200|16|
ID:1Time:181372	a/g/m:-14616|1108|-2656|6957|32767|18|5|133|1|
ID:2Time:181402	a/g/m:-13684|7820|-3472|7895|28282|1413|9|179|-197|
ID:1Time:181431	a/g/m:-16272|924|-3328|-3837|16975|6594|2|178|-224|
ID:2Time:181460	a/g/m:-5632|5952|-14040|-9545|13273|5473|-10|174|-222|
ID:1Time:181489	a/g/m:-13280|1960|-10544|-7247|13085|5490|-19|169|-223|
ID:2Time:181519	a/g/m:-8932|4296|-14620|-3734|19216|10966|-24|162|-228|
ID:1Time:181549	a/g/m:-13552|3728|-11464|-549|28567|12285|-32|128|-240|
ID:2Time:181577	a/g/m:-8276|5568|-14260|2217|32767|11951|-52|130|-256|
ID:1Time:181607	a/g/m:-11508|5980|-15792|1134|32767|13292|-56|0|-256|
ID:2Time:181636	a/g/m:-7080|4228|-14448|1974|32767|11547|-47|81|-335|
ID:1Time:181665	a/g/m:-1960|6424|-13360|-4854|32767|9964|-48|64|-334|
ID:2Time:181695	a/g/m:-1092|5564|-15040|-5009|31827|8583|-64|58|-344|
ID:1Time:181724	a/g/m:-1036|4540|-15348|-7619|29361|6559|-56|40|-336|
ID:2Time:181753	a/g/m:1028|5916|-13456|-1559|30055|6137|-64|8|-256|
ID:1Time:181782	a/g/m:20612|21832|-16608|-1997|32767|10420|-63|5|-327|
ID:2Time:181812	a/g/m:5308|4984|-13924|1952|32767|11222|-60|-10|-256|
ID:1Time:181840	a/g/m:7980|6340|-12956|1562|32767|15947|-48|-32|-254|
ID:2Time:181870	a/g/m:11112|3864|-15912|7115|31890|15019|0|-60|-256|
ID:1Time:181900	a/g/m:10740|4912|-11304|6347|32767|17696|1|-45|-247|
ID:2Time:181928	a/g/m:15724|6056|-4264|166|15156|19441|4|-48|-224|
ID:1Time:181958	a/g/m:13076|3496|-12088|-5156|-4463|12256|18|-44|-224|
ID:2Time:181987	a/g/m:10720|-84|-8832|-14089|-32166|10167|18|-24|-240|
ID:1Time:182017	a/g/m:5560|2904|-12220|-7653|-32768|4759|13|11|-247|
ID:2Time:182045	a/g/m:-528|3792|-18536|-19889|-32768|-5313|9|35|-333|
ID:1Time:182075	a/g/m:-1712|4660|-20636|-14042|-32768|-8087|-32|64|-336|
ID:2Time:182105	a/g/m:-8652|9532|-13484|-28360|-32768|-9842|-64|132|-252|
ID:1Time:182133	a/g/m:-8600|6320|-19760|-16616|-32768|-8531|-46|140|-232|
ID:2Time:182163	a/g/m:-8404|7424|-20820|-19029|-32768|-5898|-48|128|-216|
ID:1Time:182193	a/g/m:-11136|6692|-11440|-7454|-32768|-2644|-46|194|8|
ID:2Time:182221	a/g/m:-14140|6328|-6032|-11669|-32768|-5879|-39|193|33|
ID:1Time:182251	a/g/m:-16224|6280|-568|-11358|-32768|-10920|-36|204|0|
ID:2Time:182281	a/g/m:-18088|8428|216|-27203|-32768|-12830|-32|200|32|
ID:1Time:182309	a/g/m:-15380|6180|2128|-28746|-32768|-10661|-11|185|63|
ID:2Time:182339	a/g/m:-15288|7856|8056|-32768|-32768|-9063|1|165|133|
ID:1Time:182369	a/g/m:-4740|-544|8608|-28188|-32768|-5784|16|130|128|
ID:2Time:182397	a/g/m:-4912|-3028|5492|-3356|-2440|-7063|22|134|130|
ID:1Time:182427	a/g/m:-7532|32|14212|5404|-12588|-6089|19|3|133|
ID:2Time:182456	a/g/m:-4764|996|9996|4742|-21219|2033|12|112|164|
ID:1Time:182484	a/g/m:-1764|-2004|12648|5223|-30643|-1931|5|97|161|
ID:2Time:182514	a/g/m:-1960|-160|14316|2131|-20600|-4143|18|84|164|
ID:1Time:182543	a/g/m:-1208|-500|15300|2295|-21722|-4299|16|72|0|
ID:2Time:182573	a/g/m:-2448|-496|16268|-1958|-27488|-5616|9|1|169|
ID:1Time:182601	a/g/m:1024|-1020|17204|1569|-29956|-6559|16|32|174|
ID:2Time:182631	a/g/m:2436|2272|14956|517|-28612|-2944|9|1|177|
ID:1Time:182660	a/g/m:5640|-560|15180|8281|-31803|-3223|2|0|164|
ID:2Time:182689	a/g/m:4908|-2564|18408|5872|-32768|-3607|26|0|146|
ID:1Time:182718	a/g/m:8488|1712|13032|4965|-32768|-11033|18|-24|132|
ID:2Time:182748	a/g/m:14048|2816|5220|-710|-32768|-9626|16|-48|128|
ID:1Time:182776	a/g/m:16904|3304|7508|-503|-32532|-5784|16|-52|64|
ID:2Time:182806	a/g/m:14044|4068|8628|-15054|-25701|-4327|16|-58|40|
ID:1Time:182835	a/g/m:11996|4184|7352|-15831|-20193|-3217|16|-128|32|
ID:2Time:182864	a/g/m:14460|964|-200|-5715|-4409|-3292|16|-64|0|
ID:1Time:182893	a/g/m:13588|1576|4632|-2511|-12882|-1833|18|-64|20|
ID:2Time:182923	a/g/m:15772|3712|2872|-5218|-17920|-3933|1|-77|5|
ID:1Time:182951	a/g/m:15372|4568|-1136|-1007|-13109|-1402|16|-80|0|
ID:2Time:182980	a/g/m:22896|-4776|6752|-1045|-12684|6632|17|-127|5|
ID:1Time:183010	a/g/m:6748|5820|1512|-4199|-32768|1333|18|-68|32|
ID:2Time:183038	a/g/m:16196|1912|-3980|-6105|-32768|1964|21|-127|5|
ID:1Time:183068	a/g/m:12780|2872|-5420|5791|-32768|1724|17|-61|-211|
ID:2Time:183097	a/g/m:17368|1400|-12932|-3777|-32768|3769|16|-42|-240|
ID:1Time:183127	a/g/m:11836|1204|-12816|-170|-18295|4727|19|-61|-251|
ID:2Time:183156	a/g/m:23524|12|-12004|-4077|45|2595|25|-61|-255|
ID:1Time:183185	a/g/m:13504|2300|-12344|-369|6367|1197|20|-64|-252|
ID:2Time:183214	a/g/m:15344|836|-13644|7100|8567|3064|26|-64|-246|
ID:1Time:183243	a/g/m:13028|1740|-14392|7784|21919|3097|2|-50|-224|
ID:2Time:183272	a/g/m:14436|688|-9976|10551|31330|3062|0|-56|-186|
ID:1Time:183302	a/g/m:14360|1052|-7588|10557|28701|4189|5|-63|5|
ID:2Time:183330	a/g/m:14920|636|-6176|19811|27811|6437|14|-60|4|
ID:1Time:183360	a/g/m:13976|56|-3612|17287|29077|612|16|-128|40|
ID:2Time:183389	a/g/m:13316|-2628|2364|17071|26434|636|12|-64|8|
ID:1Time:183417	a/g/m:15544|388|1040|13515|28737|-370|17|-63|1|
ID:2Time:183447	a/g/m:13280|-576|5036|16481|17699|-653|16|-60|0|
ID:1Time:183476	a/g/m:15040|820|2572|15621|8313|2314|9|-61|9|
ID:2Time:183504	a/g/m:17240|-2064|4840|12291|3558|7345|8|-64|32|
ID:1Time:183534	a/g/m:16176|700|3140|5749|2751|10209|18|-56|32|
ID:2Time:183563	a/g/m:19432|516|7652|-4357|-1554|17778|16|-48|16|
ID:1Time:183592	a/g/m:15960|152|3280|-9182|-8119|26904|2|-64|12|
ID:2Time:183621	a/g/m:18300|-4536|4736|-17533|-8381|32767|18|-24|18|
ID:1Time:183651	a/g/m:16316|-4420|-604|-16925|-13965|32767|66|0|6|
ID:2Time:183680	a/g/m:11572|-8932|-1240|-18617|-47|32767|86|18|8|
ID:1Time:183709	a/g/m:8220|-13064|-120|-13402|-1200|32767|97|33|1|
ID:2Time:183738	a/g/m:6596|-8828|-420|-13621|-3445|32767|97|69|43|
ID:1Time:183767	a/g/m:5728|-16500|-2712|-4635|-6634|32767|80|104|40|
ID:2Time:183796	a/g/m:1008|-12376|612|-1766|-10488|32767|64|4|48|
ID:1Time:183825	a/g/m:356|-13148|-368|3582|5707|32767|84|130|34|
ID:2Time:183855	a/g/m:-5256|-15084|24|108|792|32767|66|160|40|
ID:1Time:183883	a/g/m:-1012|-16912|-2924|1839|-4084|24560|6|162|52|
ID:2Time:183913	a/g/m:-8372|-12648|-1564|881|-3373|18901|0|176|48|
ID:1Time:183942	a/g/m:-4184|-15424|-1096|2064|-1699|14398|42|184|48|
ID:2Time:183971	a/g/m:-8132|-15772|-2744|1927|-2312|10780|32|184|2|
ID:1Time:184000	a/g/m:-6600|-15332|-1760|4718|81|5604|34|184|60|
ID:2Time:184030	a/g/m:-13536|-16504|840|2107|-309|-1094|48|176|0|
ID:1Time:184058	a/g/m:-10476|-20652|-1592|-828|4241|-10972|48|176|0|
ID:2Time:184088	a/g/m:-13988|-16036|-1848|-1210|-7865|-22587|64|160|0|
ID:1Time:184117	a/g/m:-6696|-15612|-3576|2374|-2547|-28854|65|131|9|
ID:2Time:184146	a/g/m:-9288|-18144|-4024|8379|-4434|-31287|81|131|5|
ID:1Time:184175	a/g/m:-5228|-17728|-2188|10974|-215|-32768|64|10|0|
ID:2Time:184205	a/g/m:-1092|-12544|-1844|14449|-2580|-32768|96|96|0|
ID:1Time:184235	a/g/m:888|-14904|2388|14502|-287|-32768|97|65|9|
ID:2Time:184263	a/g/m:-2024|-11120|1332|13494|-6402|-32768|96|64|14|
ID:1Time:184292	a/g/m:3604|-7696|5504|14900|-5479|-31565|78|48|40|
ID:2Time:184322	a/g/m:8796|-8540|4260|14276|-11719|-25180|66|8|40|
ID:1Time:184350	a/g/m:14468|-13168|64|11380|-11417|-32768|75|9|65|
ID:2Time:184380	a/g/m:12072|-7968|1112|12204|3150|-32768|17|1|69|
ID:1Time:184409	a/g/m:12864|-3832|5472|7868|6867|-32768|4|-32|64|
ID:2Time:184438	a/g/m:15420|-2840|916|8629|6316|-32768|17|-31|73|
ID:1Time:184467	a/g/m:13948|1400|5464|11792|16917|-32768|0|-38|128|
ID:2Time:184497	a/g/m:15204|2892|10056|16561|2787|-32768|14|-40|130|
ID:1Time:184525	a/g/m:16556|3660|6436|11730|-9121|-32768|-27|-47|129|
ID:2Time:184555	a/g/m:14336|8696|9028|7005|-7912|-32768|-52|-64|134|
ID:1Time:184584	a/g/m:13440|9252|5652|2850|-5706|-32768|-111|-55|79|
ID:2Time:184613	a/g/m:11996|10440|2976|3721|-8002|-32768|-124|-64|132|
ID:1Time:184643	a/g/m:8484|12192|2460|4575|-12386|-32768|-112|-58|68|
ID:2Time:184672	a/g/m:11108|14600|1360|3530|-6913|-32768|-127|-63|65|
ID:1Time:184701	a/g/m:9488|13332|1140|3063|2276|-32768|-256|-50|68|
ID:2Time:184730	a/g/m:9576|16236|-584|6562|7655|-31610|-256|-24|70|
ID:1Time:184760	a/g/m:2168|16180|1388|7314|19605|-32768|-168|16|64|
ID:2Time:184788	a/g/m:7328|18532|2632|8120|16737|-25161|-176|2|66|
ID:1Time:184818	a/g/m:-2392|16400|2072|7583|7616|-23990|-183|21|65|
ID:2Time:184847	a/g/m:92|16896|2008|5271|723|-26414|-183|39|51|
ID:1Time:184876	a/g/m:-4988|16568|1264|3468|5552|-29639|-192|16|48|
ID:2Time:184905	a/g/m:-3376|22968|324|16360|3712|-32768|-192|64|38|
ID:1Time:184934	a/g/m:-9592|13344|-256|10309|1094|-32768|-192|100|36|
ID:2Time:184964	a/g/m:-12692|16944|-2524|14286|9891|-32768|-191|129|3|
ID:1Time:184993	a/g/m:-14208|8792|-884|14709|10530|-32768|-156|130|26|
ID:2Time:185022	a/g/m:-12088|11920|-3764|18147|5514|-32768|-256|174|4|
ID:1Time:185052	a/g/m:-15320|6188|764|14781|5381|-32768|-112|144|4|
ID:2Time:185081	a/g/m:-14904|5360|-1200|12798|-4378|-32768|-87|195|7|
ID:1Time:185110	a/g/m:-15268|-2260|-2396|8264|-10696|-32768|-127|209|1|
ID:2Time:185140	a/g/m:-13760|1540|908|229|-4588|-32768|-40|208|2|
ID:1Time:185168	a/g/m:-12904|-5448|-1916|-3205|-3642|-32768|-15|209|17|
ID:2Time:185198	a/g/m:-14952|-4820|-5840|-777|-10524|-32768|1|195|25|
ID:1Time:185227	a/g/m:-5224|-7080|-4352|6715|-2089|-32768|0|192|0|
ID:2Time:185256	a/g/m:-9560|-7488|-372|14354|-3727|-32768|34|168|4|
ID:1Time:185285	a/g/m:-6728|-9636|3276|10202|-7288|-32768|0|164|40|
ID:2Time:185315	a/g/m:-2448|-13152|-1356|8666|-12279|-18274|4|136|40|
ID:1Time:185345	a/g/m:-3056|-16868|2580|7633|-4388|-3376|3|129|49|
ID:2Time:185373	a/g/m:-5020|-19508|2820|4367|-3913|13823|49|133|49|
ID:1Time:185403	a/g/m:-5576|-17876|2112|-570|-1950|32767|37|171|49|
ID:2Time:185432	a/g/m:-4484|-9656|4116|-11735|1270|32767|18|184|48|
ID:1Time:185461	a/g/m:-11868|-10352|1544|-12495|114|32767|-14|194|36|
ID:2Time:185490	a/g/m:-20144|1668|1188|-14092|-3958|32767|-60|192|36|
ID:1Time:185520	a/g/m:-20564|-2932|3488|-7878|-19391|32767|-95|129|59|
ID:2Time:185548	a/g/m:-16296|12724|3308|-11134|-17698|32767|-124|136|128|
ID:1Time:185578	a/g/m:-17580|6900|204|-5851|-3442|32767|-256|128|134|
ID:2Time:185608	a/g/m:-9836|18024|4712|-15396|11632|32767|-160|104|128|
ID:1Time:185636	a/g/m:-12136|9384|3744|-28129|5369|32767|-152|66|148|
ID:2Time:185666	a/g/m:-11056|19184|6536|-32768|2028|32767|-248|18|164|
ID:1Time:185696	a/g/m:-7320|12332|4228|-32768|-13792|32767|-228|40|176|
ID:2Time:185724	a/g/m:-1756|14840|6104|-32768|-3499|32767|-94|0|180|
ID:1Time:185754	a/g/m:576|8424|7948|-32768|-7108|32767|-126|28|2|
ID:2Time:185783	a/g/m:476|8664|6560|-32768|169|30930|-64|16|184|
ID:1Time:185812	a/g/m:3500|4872|5720|-32768|2494|22220|-38|24|0|
ID:2Time:185841	a/g/m:7888|3548|8008|-28799|20602|13826|8|32|182|
ID:1Time:185871	a/g/m:2368|-1764|6816|-18399|8763|9919|21|41|177|
ID:2Time:185900	a/g/m:7268|132|8220|-3099|8395|9197|20|48|176|
ID:1Time:185928	a/g/m:2280|-680|12752|2846|4680|8701|1|49|181|
ID:2Time:185958	a/g/m:-4004|3316|8936|9257|5326|992|8|0|0|
ID:1Time:185987	a/g/m:-3860|3304|12616|12389|11403|-5828|3|3|183|
ID:2Time:186015	a/g/m:1188|5464|18840|14035|5139|-8317|-24|70|182|
ID:1Time:186045	a/g/m:5124|5544|23020|1553|5417|561|0|66|180|
ID:2Time:186074	a/g/m:568|4560|24828|-15019|8978|8029|0|66|176|
ID:1Time:186102	a/g/m:828|2612|16016|-21480|13468|11622|10|90|168|
ID:2Time:186132	a/g/m:-5460|2572|17092|-14577|26171|9359|6|100|160|
ID:1Time:186161	a/g/m:-7668|-1176|22748|-12406|12902|3971|5|99|163|
ID:2Time:186190	a/g/m:-6136|-2600|16904|-5887|-1489|2235|12|96|168|
ID:1Time:186219	a/g/m:-5396|-132|14092|4841|-9280|-2795|5|97|169|
ID:2Time:186249	a/g/m:-412|-180|18280|2978|1628|-4389|16|98|170|
ID:1Time:186277	a/g/m:372|1704|18824|-9125|10497|-2795|0|98|168|
ID:2Time:186307	a/g/m:-7824|4916|14548|-12966|12319|-9040|33|103|161|
ID:1Time:186336	a/g/m:-5532|3344|17292|-17508|-3174|-18374|32|78|128|
ID:2Time:186365	a/g/m:-9980|-1020|15856|-25823|-21599|-30298|6|72|152|
ID:1Time:186394	a/g/m:18028|-32768|-32768|30625|2065|-22094|0|12|154|
ID:2Time:186424	a/g/m:7244|-2272|2332|24248|4057|-9148|36|8|158|
ID:1Time:186452	a/g/m:1036|-2280|21096|15647|22742|-7608|24|18|132|
ID:2Time:186482	a/g/m:6804|-3628|32767|3533|10182|-1982|33|67|167|
ID:1Time:186511	a/g/m:-1556|-796|14952|-16123|-2480|1831|40|66|128|
ID:2Time:186541	a/g/m:-3832|1004|-1448|-3943|-26363|-2503|40|6|160|
ID:1Time:186569	a/g/m:76|-3776|372|24620|-27696|-3674|21|41|161|
ID:2Time:186599	a/g/m:32767|28940|32767|30744|32767|4466|0|12|176|
ID:1Time:186628	a/g/m:6660|2756|-11644|-7940|-30410|536|12|4|162|
ID:2Time:186657	a/g/m:-248|-4148|-1052|7540|10185|-318|0|8|176|
ID:1Time:186686	a/g/m:-5712|2188|13464|-112|-5345|-614|4|2|170|
ID:2Time:186715	a/g/m:2184|-620|9568|-524|-995|293|4|4|176|
ID:1Time:186743	a/g/m:-1848|1456|17636|524|1628|73|4|10|174|
ID:2Time:186773	a/g/m:-48|968|13636|-220|-147|153|0|4|178|
ID:1Time:186802	a/g/m:-640|1016|16200|66|-712|215|0|2|166|
ID:2Time:186830	a/g/m:-1148|1388|15740|42|596|95|4|4|176|
ID:1Time:186859	a/g/m:92|768|15188|229|72|200|6|8|176|
ID:2Time:186888	a/g/m:-1000|1372|15532|-218|-304|96|5|5|173|
ID:1Time:186916	a/g/m:-188|916|15736|196|5|192|1|3|169|
ID:2Time:186945	a/g/m:-1052|1340|15492|-129|43|110|0|8|168|
ID:1Time:186974	a/g/m:-124|772|15400|175|72|199|3|5|177|
ID:2Time:187002	a/g/m:-968|1372|15424|-167|-77|114|6|10|176|
ID:1Time:187032	a/g/m:-200|876|15560|202|38|188|5|1|171|
ID:2Time:187061	a/g/m:-1008|1396|15496|-169|-38|97|0|8|176|
ID:1Time:187089	a/g/m:-176|896|15456|195|60|197|0|8|172|
ID:2Time:187118	a/g/m:-976|1368|15500|-152|-53|113|2|12|176|
ID:1Time:187147	a/g/m:-4|904|15564|195|77|198|0|8|176|
ID:2Time:187175	a/g/m:-1084|1460|15636|-167|-96|107|0|8|168|
ID:1Time:187204	a/g/m:-92|860|15472|203|52|205|0|8|168|
ID:2Time:187233	a/g/m:-1052|1380|15624|-150|-59|114|1|9|177|
ID:1Time:187261	a/g/m:-120|884|15512|194|85|175|4|8|168|
ID:2Time:187290	a/g/m:-940|1376|15632|-164|-66|134|4|8|170|
ID:1Time:187320	a/g/m:-68|832|15448|192|72|187|2|8|168|
ID:2Time:187348	a/g/m:-1000|1316|15684|-171|-47|93|0|8|172|
ID:1Time:187377	a/g/m:-16|940|15496|196|50|207|6|4|176|
ID:2Time:187406	a/g/m:-1012|1408|15644|-152|-75|93|0|10|168|
ID:1Time:187435	a/g/m:-88|876|15340|192|52|177|2|2|164|
ID:2Time:187463	a/g/m:-924|1468|15452|-164|-67|85|8|12|170|
ID:1Time:187492	a/g/m:-116|796|15392|203|64|173|4|8|176|
ID:2Time:187521	a/g/m:1424|1952|13560|1093|4145|628|1|9|177|
ID:1Time:187549	a/g/m:-4960|1504|15172|193|-197|1971|0|8|172|
ID:2Time:187579	a/g/m:352|2424|15852|-464|-792|3005|1|17|177|
ID:1Time:187608	a/g/m:240|-928|14736|330|71|-1023|7|69|169|
ID:2Time:187636	a/g/m:-200|1368|15208|135|586|-385|0|16|176|
ID:1Time:187665	a/g/m:-200|316|15608|404|1281|-517|0|10|176|
ID:2Time:187694	a/g/m:-192|1496|15100|184|1139|-211|0|8|172|
ID:1Time:187723	a/g/m:-204|-400|15632|72|2129|293|2|8|164|
ID:2Time:187752	a/g/m:-2596|1592|15452|-209|507|4|0|64|176|
ID:1Time:187781	a/g/m:-792|776|15176|352|-883|205|0|14|170|
ID:2Time:187809	a/g/m:-1812|1356|15504|-206|-505|21|0|10|176|
ID:1Time:187838	a/g/m:-1064|820|15532|-119|2771|-641|6|64|180|
ID:2Time:187868	a/g/m:-768|1744|15460|-67|1281|-901|2|16|170|
ID:1Time:187896	a/g/m:-696|904|15516|182|197|-16|1|67|169|
ID:2Time:187925	a/g/m:-1876|1604|15288|-49|-631|-148|0|16|176|
ID:1Time:187954	a/g/m:-944|984|15064|260|-703|92|3|11|169|
ID:2Time:187982	a/g/m:-1508|1320|15456|-160|792|-210|4|66|176|
ID:1Time:188012	a/g/m:-872|956|15080|162|360|-297|1|65|165|
ID:2Time:188041	a/g/m:-1212|1504|15588|-145|-168|-48|1|13|181|
ID:1Time:188069	a/g/m:-752|888|15576|163|219|174|0|14|176|
ID:2Time:188098	a/g/m:-2112|1588|15300|-107|219|-449|0|10|168|
ID:1Time:188127	a/g/m:-708|932|15408|252|-241|-190|6|16|178|
ID:2Time:188156	a/g/m:-1344|1528|15504|-179|-197|-10|4|12|180|
ID:1Time:188185	a/g/m:-1148|832|15356|173|436|-391|2|64|172|
ID:2Time:188214	a/g/m:-1668|1448|15464|-38|917|-1248|3|17|177|
ID:1Time:188242	a/g/m:-708|812|15024|341|-613|-33|2|18|176|
ID:2Time:188272	a/g/m:-1336|1644|15768|-125|-1094|53|5|19|1|
